          4620.     1.361721E-6
          4640.     2.083089E-5
          4660.     2.595746E-4
          4680.     0.001607811
          4700.     0.005546174
          4720.     0.009606345
          4740.      0.01737335
          4760.       0.0255054
          4780.       0.0364724
          4800.      0.04924122
          4820.      0.05891977
          4840.      0.06286431
          4860.      0.06340131
          4880.      0.06378297
          4900.      0.06537414
          4920.      0.06811012
          4940.      0.07136623
          4960.      0.07409852
          4980.      0.07594284
          5000.      0.07694615
          5020.      0.07808141
          5040.       0.0796015
          5060.      0.08200818
          5080.       0.0851752
          5100.      0.08868223
          5120.      0.09176388
          5140.        0.093683
          5160.      0.09402465
          5180.      0.09293729
          5200.      0.09112567
          5220.      0.08914866
          5240.      0.08817939
          5260.      0.08808239
          5280.      0.08971184
          5300.      0.09236352
          5320.      0.09646831
          5340.       0.1010057
          5360.       0.1056941
          5380.       0.1095524
          5400.       0.1121507
          5420.       0.1133642
          5440.       0.1136558
          5460.       0.1133475
          5480.       0.1133141
          5500.       0.1137637
          5520.       0.1150917
          5540.       0.1172749
          5560.       0.1200824
          5580.       0.1232058
          5600.       0.1260864
          5620.       0.1278302
          5640.        0.128551
          5660.       0.1281068
          5680.       0.1267451
          5700.       0.1252215
          5720.       0.1235642
          5740.       0.1220012
          5760.        0.121593
          5780.       0.1222315
          5800.       0.1239841
          5820.       0.1270925
          5840.       0.1306082
          5860.       0.1345416
          5880.         0.13806
          5900.       0.1409747
          5920.        0.142751
          5940.        0.143466
          5960.       0.1432939
          5980.       0.1426217
          6000.       0.1418264
          6020.       0.1408548
          6040.        0.140116
          6060.       0.1403677
          6080.       0.1412264
          6100.       0.1425446
          6120.       0.1443667
          6140.       0.1461196
          6160.       0.1475505
          6180.       0.1481597
          6200.       0.1477548
          6220.       0.1464336
          6240.       0.1442667
          6260.       0.1416412
          6280.       0.1390393
          6300.       0.1368209
          6320.         0.13523
          6340.       0.1346187
          6360.       0.1346473
          6380.       0.1353408
          6400.       0.1365829
          6420.       0.1380844
          6440.       0.1395279
          6460.       0.1410262
          6480.       0.1422502
          6500.       0.1428846
          6520.       0.1424098
          6540.       0.1418235
          6560.       0.1404535
          6580.       0.1386665
          6600.       0.1365809
          6620.       0.1346596
          6640.       0.1327839
          6660.       0.1311951
          6680.       0.1302514
          6700.       0.1299915
          6720.       0.1299288
          6740.       0.1298736
          6760.       0.1292039
          6780.       0.1274423
          6800.       0.1240676
          6820.       0.1185884
          6840.       0.1114278
          6860.       0.1037368
          6880.      0.09543291
          6900.      0.08719423
          6920.      0.08003951
          6940.      0.07473388
          6960.       0.0707553
          6980.       0.0678669
          7000.      0.06725851
          7020.      0.06931553
          7040.       0.0736683
          7060.      0.08091679
          7080.      0.09269509
          7100.       0.1067413
          7120.       0.1135337
          7140.       0.1003533
          7160.      0.06966855
          7180.      0.04168691
          7200.      0.02396761
          7220.      0.01406498
          7240.     0.008591993
          7260.      0.00547013
          7280.     0.003575256
          7300.     0.002296602
          7320.     0.001633571
          7340.      0.00118631
          7360.     9.206121E-4
          7380.     6.901262E-4
          7400.     5.263552E-4
          7420.     4.071928E-4
          7440.     3.187647E-4
          7460.     2.518491E-4
          7480.     2.027523E-4
          7500.     1.648283E-4
          7520.     1.342689E-4
          7540.     1.094720E-4
          7560.     9.123352E-5
          7580.     7.638144E-5
          7600.     6.383070E-5
          7620.     5.445482E-5
          7640.     4.623990E-5
          7660.     4.006928E-5
          7680.     3.402669E-5
          7700.     2.992324E-5
          7720.     2.589895E-5
          7740.     2.285038E-5
          7760.     1.988352E-5
          7780.     1.785731E-5
          7800.     1.589754E-5
          7820.     1.400426E-5
          7840.     1.297908E-5
          7860.     1.117848E-5
          7880.     1.020683E-5
          7900.     9.249349E-6
          7920.     7.551052E-6
          7940.     7.385082E-6
          7960.     6.494023E-6
          7980.     6.342190E-6
          8000.     4.822837E-6
          8020.     4.710162E-6
          8040.     5.263860E-6
          8060.     5.154302E-6
          8080.     4.423476E-6
          8100.     3.105577E-6
          8120.     3.059943E-6
          8140.     3.624832E-6
          8160.     3.582499E-6
          8180.     3.542369E-6
          8200.     2.334783E-6
