    4000.00    0.00000
    4050.00    0.00000
    4100.00    0.00000
    4150.00    0.00104
    4200.00    0.00323
    4250.00    0.01080
    4300.00    0.02386
    4350.00    0.04181
    4400.00    0.07246
    4450.00    0.11289
    4500.00    0.18288
    4550.00    0.33351
    4600.00    0.48600
    4650.00    0.59960
    4700.00    0.67355
    4750.00    0.71066
    4775.00    0.71521
    4800.00    0.71496
    4850.00    0.70382
    4900.00    0.69124
    4950.00    0.67600
    5000.00    0.65569
    5050.00    0.62764
    5100.00    0.59243
    5150.00    0.55169
    5200.00    0.49140
    5250.00    0.39425
    5300.00    0.28424
    5350.00    0.20447
    5400.00    0.13668
    5450.00    0.09944
    5500.00    0.07082
    5550.00    0.04724
    5600.00    0.03732
    5650.00    0.02732
    5700.00    0.02114
    5750.00    0.01618
    5800.00    0.01244
    5850.00    0.00875
    5900.00    0.00624
    5950.00    0.00380
    6000.00    0.00125
    6050.00    0.00000
