   7400.00     0.0000
   7450.00     0.0098
   7500.00     0.0392
   7550.00     0.0882
   7600.00     0.1471
   7650.00     0.1961
   7700.00     0.2843
   7750.00     0.3235
   7800.00     0.3471
   7850.00     0.3529
   7900.00     0.3588
   7950.00     0.3569
   8000.00     0.3549
   8050.00     0.3529
   8100.00     0.3490
   8150.00     0.3471
   8200.00     0.3431
   8250.00     0.3372
   8300.00     0.3333
   8350.00     0.3275
   8400.00     0.3176
   8450.00     0.3098
   8500.00     0.3039
   8550.00     0.2980
   8600.00     0.2941
   8650.00     0.2843
   8700.00     0.2804
   8750.00     0.2765
   8800.00     0.2745
   8850.00     0.2647
   8900.00     0.2549
   8950.00     0.2451
   9000.00     0.2255
   9050.00     0.2196
   9100.00     0.2157
   9150.00     0.2000
   9200.00     0.1961
   9250.00     0.1765
   9300.00     0.1667
   9350.00     0.1569
   9400.00     0.1412
   9450.00     0.1373
   9500.00     0.1275
   9550.00     0.1216
   9600.00     0.1177
   9650.00     0.1078
   9700.00     0.1039
   9750.00     0.1020
   9800.00     0.0980
   9850.00     0.0941
   9900.00     0.0882
   9950.00     0.0824
  10000.00     0.0784
  10050.00     0.0745
  10100.00     0.0686
  10150.00     0.0628
  10200.00     0.0588
  10250.00     0.0549
  10300.00     0.0490
  10350.00     0.0392
  10350.00     0.0392
  10400.00     0.0333
  10450.00     0.0294
  10500.00     0.0196
  10550.00     0.0098
  10600.00     0.0000
