   3500.00     0.0000
   3600.00     0.0250
   3700.00     0.1820
   3800.00     0.4620
   3900.00     0.6550
   4000.00     0.7380
   4100.00     0.7530
   4200.00     0.7150
   4300.00     0.6770
   4400.00     0.6880
   4500.00     0.7300
   4600.00     0.7620
   4700.00     0.7790
   4800.00     0.7900
   4900.00     0.8100
   5000.00     0.8570
   5100.00     0.9500
   5200.00     0.9900
   5300.00     0.7680
   5400.00     0.3430
   5500.00     0.1280
   5600.00     0.0350
   5700.00     0.0000
