    5700.00    0.00000
    5750.00    0.00000
    5800.00    0.00000
    5850.00    0.00122
    5900.00    0.00624
    5950.00    0.02272
    6000.00    0.07627
    6050.00    0.37080
    6100.00    0.55287
    6150.00    0.65938
    6200.00    0.70589
    6250.00    0.72545
    6300.00    0.73200
    6350.00    0.73728
    6400.00    0.74255
    6450.00    0.74655
    6500.00    0.75044
    6550.00    0.75443
    6600.00    0.75702
    6650.00    0.75961
    6700.00    0.75690
    6750.00    0.72244
    6800.00    0.64398
    6850.00    0.52837
    6900.00    0.43467
    6950.00    0.37406
    7000.00    0.31220
    7050.00    0.26013
    7100.00    0.20279
    7150.00    0.14392
    7200.00    0.09616
    7250.00    0.06174
    7300.00    0.03474
    7350.00    0.01748
    7400.00    0.00404
    7450.00    0.00132
    7500.00    0.00000
    7550.00    0.00000
