   5600.00     0.0000
   5650.00     0.0157
   5700.00     0.0333
   5750.00     0.0980
   5800.00     0.1569
   5850.00     0.2255
   5900.00     0.3372
   5950.00     0.4118
   6000.00     0.4549
   6050.00     0.4804
   6100.00     0.5000
   6150.00     0.5196
   6200.00     0.5333
   6250.00     0.5392
   6300.00     0.5490
   6350.00     0.5529
   6400.00     0.5588
   6450.00     0.5529
   6500.00     0.5490
   6550.00     0.5392
   6600.00     0.5294
   6650.00     0.5235
   6700.00     0.5196
   6750.00     0.5157
   6800.00     0.5137
   6850.00     0.5118
   6900.00     0.5039
   6950.00     0.5000
   7000.00     0.4902
   7050.00     0.4608
   7100.00     0.4314
   7150.00     0.3725
   7200.00     0.3333
   7250.00     0.2549
   7300.00     0.2059
   7350.00     0.1373
   7400.00     0.0980
   7450.00     0.0588
   7500.00     0.0294
   7550.00     0.0098
   7600.00     0.0000
