    6200.00    0.00000
    6250.00    0.02006
    6300.00    0.05480
    6350.00    0.10523
    6400.00    0.16501
    6450.00    0.21306
    6500.00    0.23920
    6550.00    0.25160
    6600.00    0.26773
    6650.00    0.29130
    6700.00    0.31495
    6750.00    0.34424
    6800.00    0.37176
    6850.00    0.33419
    6900.00    0.25211
    6950.00    0.16523
    7000.00    0.10230
    7050.00    0.06038
    7100.00    0.02878
    7150.00    0.01832
    7200.00    0.00874
    7250.00    0.00360
    7300.00    0.00000
