    6875.00    0.00000
    6938.00    0.00009
    7000.00    0.00140
    7063.00    0.01653
    7125.00    0.05031
    7188.00    0.09040
    7250.00    0.15111
    7313.00    0.20338
    7375.00    0.23171
    7438.00    0.24572
    7500.00    0.25568
    7563.00    0.25126
    7625.00    0.15766
    7688.00    0.20614
    7750.00    0.17907
    7813.00    0.18658
    7840.00    0.12331
    7875.00    0.08531
    7938.00    0.03581
    7970.00    0.01178
    8000.00    0.00114
    8063.00    0.00000
