    3000.00 0.00000e+00
    3050.00 2.19267e-04
    3100.00 3.45973e-03
    3150.00 1.41102e-02
    3200.00 3.25430e-02
    3250.00 5.31811e-02
    3300.00 7.00650e-02
    3350.00 8.81294e-02
    3400.00 9.60650e-02
    3450.00 1.03007e-01
    3500.00 1.04847e-01
    3550.00 1.07463e-01
    3600.00 1.12758e-01
    3650.00 9.76260e-02
    3700.00 1.04656e-01
    3750.00 9.76563e-02
    3800.00 8.94528e-02
    3850.00 6.55393e-02
    3900.00 3.01500e-02
    3950.00 8.14465e-03
    4000.00 1.16900e-03
    4050.00 9.29500e-05
    4100.00 0.00000e+00
