    4486.00    0.00000
    4543.00    0.00740
    4600.00    0.01499
    4657.00    0.02105
    4714.00    0.03335
    4771.00    0.04425
    4829.00    0.05839
    4886.00    0.12378
    4943.00    0.29601
    5000.00    0.62730
    5057.00    0.77106
    5114.00    0.85253
    5171.00    0.85855
    5229.00    0.85826
    5286.00    0.84520
    5343.00    0.82922
    5400.00    0.80258
    5457.00    0.75446
    5514.00    0.71427
    5571.00    0.66616
    5629.00    0.60996
    5686.00    0.54575
    5743.00    0.48155
    5800.00    0.41734
    5857.00    0.35503
    5914.00    0.29231
    5971.00    0.24538
    6029.00    0.19769
    6086.00    0.14926
    6143.00    0.11352
    6200.00    0.08399
    6257.00    0.05891
    6314.00    0.04213
    6371.00    0.03040
    6429.00    0.01698
    6486.00    0.01361
    6543.00    0.00341
    6600.00    0.00000
