    3450.00    0.00000
    3500.00    0.00000
    3550.00    0.00488
    3600.00    0.01659
    3650.00    0.05322
    3700.00    0.12840
    3750.00    0.20994
    3800.00    0.27430
    3850.00    0.32750
    3900.00    0.35986
    3925.00    0.36490
    3950.00    0.36791
    4000.00    0.36001
    4050.00    0.34220
    4100.00    0.31288
    4150.00    0.25944
    4200.00    0.18750
    4250.00    0.12941
    4300.00    0.08140
    4350.00    0.04728
    4400.00    0.03346
    4450.00    0.02599
    4500.00    0.01832
    4550.00    0.01377
    4600.00    0.00923
    4650.00    0.00465
    4700.00    0.00115
    4750.00    0.00000
