    8000.00    0.00000
    8050.00    0.00019
    8100.00    0.00114
    8150.00    0.00518
    8200.00    0.01089
    8250.00    0.02718
    8300.00    0.04104
    8350.00    0.07315
    8400.00    0.09139
    8450.00    0.11200
    8500.00    0.12388
    8550.00    0.13461
    8600.00    0.13775
    8700.00    0.13813
    8800.00    0.13575
    9000.00    0.11243
    9200.00    0.10749
    9400.00    0.06889
    9600.00    0.06634
    9800.00    0.06274
   10000.00    0.04502
   10400.00    0.01210
   10800.00    0.00048
   11000.00    0.00000
