    7850.00 5.70000e-05
    7900.00 1.99500e-04
    7950.00 5.79500e-04
    8000.00 1.60550e-03
    8050.00 4.15150e-03
    8100.00 9.92750e-03
    8150.00 2.03580e-02
    8200.00 3.89610e-02
    8250.00 6.52860e-02
    8300.00 9.52380e-02
    8350.00 1.33551e-01
    8400.00 1.66288e-01
    8450.00 1.93524e-01
    8500.00 2.14377e-01
    8550.00 2.28978e-01
    8600.00 2.38450e-01
    8650.00 2.43542e-01
    8700.00 2.44881e-01
    8750.00 2.44406e-01
    8800.00 2.42991e-01
    8850.00 2.40958e-01
    8900.00 2.38022e-01
    8950.00 2.18250e-01
    9000.00 2.07001e-01
    9050.00 2.09143e-01
    9100.00 2.05630e-01
    9150.00 2.00376e-01
    9200.00 1.94542e-01
    9250.00 1.88320e-01
    9300.00 1.56022e-01
    9350.00 1.19052e-01
    9400.00 1.24989e-01
    9450.00 1.17956e-01
    9500.00 1.15709e-01
    9550.00 1.11814e-01
    9600.00 1.16032e-01
    9650.00 1.20707e-01
    9700.00 1.24342e-01
    9750.00 1.13032e-01
    9800.00 1.08956e-01
    9850.00 1.04237e-01
    9900.00 9.62208e-02
    9950.00 8.74848e-02
   10000.00 7.88160e-02
   10050.00 7.03008e-02
   10100.00 6.20160e-02
   10150.00 5.40384e-02
   10200.00 4.63296e-02
   10250.00 3.90432e-02
   10300.00 3.23328e-02
   10350.00 2.63616e-02
   10400.00 2.12544e-02
   10450.00 1.70400e-02
   10500.00 1.35840e-02
   10550.00 1.07904e-02
   10600.00 8.50560e-03
   10650.00 6.63360e-03
   10700.00 5.11680e-03
   10750.00 3.90720e-03
   10800.00 2.95680e-03
   10850.00 2.22720e-03
   10900.00 1.67040e-03
   10950.00 1.23840e-03
   11000.00 8.92800e-04
   11050.00 6.33600e-04
   11100.00 4.22400e-04
   11150.00 2.59200e-04
   11200.00 1.53600e-04
   11250.00 0.0
