       62     IRIM K Filter
1.90E4  .00
1.91E4  .00
1.92E4  .005
1.93E4  .01
1.94E4  .015
1.95E4  .02
1.96E4  .025
1.97E4  .03
1.98E4  .04
1.99E4  .07
2.00E4  .11
2.01E4  .17
2.02E4  .28
2.03E4  .43
2.04E4  .56
2.05E4  .65
2.06E4  .69
2.07E4  .71
2.08E4  .72
2.09E4  .72
2.10E4  .72
2.11E4  .72
2.12E4  .73
2.13E4  .73
2.14E4  .73
2.15E4  .74
2.16E4  .74
2.17E4  .73
2.18E4  .72
2.19E4  .72
2.20E4  .71
2.21E4  .70
2.22E4  .70
2.23E4  .70
2.24E4  .69
2.25E4  .69
2.26E4  .69
2.27E4  .69
2.28E4  .68
2.29E4  .68
2.30E4  .68
2.31E4  .68
2.32E4  .68
2.33E4  .68
2.34E4  .68
2.35E4  .68
2.36E4  .67
2.37E4  .67
2.38E4  .67
2.39E4  .65
2.40E4  .60
2.41E4  .53
2.42E4  .40
2.43E4  .27
2.44E4  .17
2.45E4  .10
2.46E4  .06
2.47E4  .04
2.48E4  .02
2.49E4  .01
2.50E4  .005
2.51E4  .00
