       46     IRIM Kp Filter
1.95E4  .01
1.96E4  .035
1.97E4  .06
1.98E4  .13
1.99E4  .24
2.00E4  .41
2.01E4  .58
2.02E4  .69
2.03E4  .74
2.04E4  .77
2.05E4  .79
2.06E4  .80
2.07E4  .81
2.08E4  .81
2.09E4  .82
2.10E4  .83
2.11E4  .83
2.12E4  .84
2.13E4  .84
2.14E4  .85
2.15E4  .85
2.16E4  .84
2.17E4  .84
2.18E4  .84
2.19E4  .84
2.20E4  .85
2.21E4  .86
2.22E4  .87
2.23E4  .87
2.24E4  .87
2.25E4  .87
2.26E4  .87
2.27E4  .87
2.28E4  .88
2.29E4  .87
2.30E4  .80
2.31E4  .64
2.32E4  .43
2.33E4  .22
2.34E4  .11
2.35E4  .06
2.36E4  .03
2.37E4  .02
2.38E4  .01
2.39E4  .005
2.40E4  .00
