 1.4000e+03 3.5000e-02
 1.5000e+03 3.4000e-02
 1.6000e+03 3.3000e-02
 1.7000e+03 3.2000e-02
 1.8000e+03 3.2000e-02
 1.9000e+03 3.4000e-02
 2.0000e+03 3.9000e-02
 2.1000e+03 4.3000e-02
 2.2000e+03 4.5000e-02
 2.3000e+03 4.0000e-02
 2.4000e+03 3.4000e-02
 2.5000e+03 3.6000e-02
 2.6000e+03 4.6000e-02
 2.7000e+03 7.6000e-02
 2.8000e+03 1.0600e-01
 2.9000e+03 1.4900e-01
 2.9400e+03 1.6500e-01
 2.9800e+03 1.8400e-01
 3.0200e+03 1.9300e-01
 3.0600e+03 1.9000e-01
 3.1000e+03 2.0300e-01
 3.1400e+03 2.4500e-01
 3.1800e+03 2.9300e-01
 3.2200e+03 3.0900e-01
 3.2600e+03 3.0200e-01
 3.3000e+03 3.1000e-01
 3.3400e+03 3.1100e-01
 3.3800e+03 3.1000e-01
 3.4200e+03 3.2000e-01
 3.4600e+03 3.2800e-01
 3.5000e+03 3.4300e-01
 3.5400e+03 3.3100e-01
 3.5800e+03 3.2100e-01
 3.6200e+03 3.6200e-01
 3.6600e+03 4.1100e-01
 3.7000e+03 4.2300e-01
 3.7400e+03 3.9900e-01
 3.7800e+03 3.6200e-01
 3.8200e+03 3.1800e-01
 3.8600e+03 3.2200e-01
 3.9000e+03 3.5800e-01
 3.9400e+03 4.1000e-01
 3.9800e+03 5.5100e-01
 4.0200e+03 6.8400e-01
 4.0600e+03 7.3300e-01
 4.1000e+03 7.2200e-01
 4.1400e+03 6.8700e-01
 4.1800e+03 6.9600e-01
 4.2200e+03 7.3300e-01
 4.2600e+03 7.3500e-01
 4.3000e+03 7.6400e-01
 4.3400e+03 8.4000e-01
 4.3800e+03 8.8100e-01
 4.4200e+03 9.2700e-01
 4.4600e+03 9.9400e-01
 4.5000e+03 1.0360e+00
 4.5400e+03 1.0660e+00
 4.5800e+03 1.1060e+00
 4.6200e+03 1.1240e+00
 4.6600e+03 1.1120e+00
 4.7000e+03 1.1240e+00
 4.7400e+03 1.1740e+00
 4.7800e+03 1.2090e+00
 4.8200e+03 1.2010e+00
 4.8600e+03 1.1670e+00
 4.9000e+03 1.1680e+00
 4.9400e+03 1.1880e+00
 4.9800e+03 1.1500e+00
 5.0200e+03 1.1160e+00
 5.0600e+03 1.1210e+00
 5.1000e+03 1.1130e+00
 5.1400e+03 1.0610e+00
 5.1800e+03 1.0430e+00
 5.2200e+03 1.1120e+00
 5.2600e+03 1.1770e+00
 5.3000e+03 1.2200e+00
 5.3400e+03 1.2560e+00
 5.3800e+03 1.2360e+00
 5.4200e+03 1.2050e+00
 5.4600e+03 1.2180e+00
 5.5000e+03 1.2290e+00
 5.5400e+03 1.2480e+00
 5.5800e+03 1.2560e+00
 5.6200e+03 1.2530e+00
 5.6600e+03 1.2600e+00
 5.7000e+03 1.2580e+00
 5.7400e+03 1.2570e+00
 5.7800e+03 1.2420e+00
 5.8200e+03 1.2260e+00
 5.8600e+03 1.2060e+00
 5.9000e+03 1.2120e+00
 5.9400e+03 1.2480e+00
 5.9800e+03 1.2860e+00
 6.0200e+03 1.3130e+00
 6.0600e+03 1.3250e+00
 6.1000e+03 1.3240e+00
 6.1400e+03 1.3120e+00
 6.1800e+03 1.2910e+00
 6.2200e+03 1.2670e+00
 6.2600e+03 1.2410e+00
 6.3000e+03 1.2200e+00
 6.3400e+03 1.2140e+00
 6.3800e+03 1.2200e+00
 6.4200e+03 1.2320e+00
 6.4600e+03 1.2480e+00
 6.5000e+03 1.2630e+00
 6.5400e+03 1.2770e+00
 6.5800e+03 1.2870e+00
 6.6200e+03 1.2840e+00
 6.6600e+03 1.2650e+00
 6.7000e+03 1.2520e+00
 6.7400e+03 1.2490e+00
 6.7800e+03 1.2480e+00
 6.8200e+03 1.2510e+00
 6.8600e+03 1.2520e+00
 6.9000e+03 1.2520e+00
 6.9400e+03 1.2500e+00
 6.9800e+03 1.2520e+00
 7.0200e+03 1.2460e+00
 7.0600e+03 1.2380e+00
 7.1000e+03 1.2160e+00
 7.1400e+03 1.1680e+00
 7.1800e+03 1.1280e+00
 7.2200e+03 1.1340e+00
 7.2600e+03 1.1740e+00
 7.3000e+03 1.2150e+00
 7.3400e+03 1.2380e+00
 7.3800e+03 1.2530e+00
 7.4200e+03 1.2630e+00
 7.4600e+03 1.2680e+00
 7.5000e+03 1.2670e+00
 7.5400e+03 1.2570e+00
 7.5800e+03 1.2380e+00
 7.6200e+03 1.2140e+00
 7.6600e+03 1.1950e+00
 7.7000e+03 1.1820e+00
 7.7400e+03 1.1650e+00
 7.7800e+03 1.1460e+00
 7.8200e+03 1.1260e+00
 7.8600e+03 1.1080e+00
 7.9000e+03 1.0910e+00
 7.9400e+03 1.0820e+00
 8.0000e+03 1.0910e+00
 8.1000e+03 1.1370e+00
 8.2000e+03 1.1470e+00
 8.3000e+03 1.1630e+00
 8.4000e+03 1.1210e+00
 8.5000e+03 1.0540e+00
 8.6000e+03 1.0970e+00
 8.7000e+03 1.1410e+00
 8.8000e+03 1.1610e+00
 8.9000e+03 1.1330e+00
 9.0000e+03 1.1280e+00
 9.1000e+03 1.1630e+00
 9.2000e+03 1.1410e+00
 9.3000e+03 1.1010e+00
 9.4000e+03 1.0490e+00
 9.5000e+03 1.0720e+00
 9.6000e+03 1.0710e+00
 9.7000e+03 1.0590e+00
 9.8000e+03 1.0630e+00
 9.9000e+03 1.0840e+00
 1.0000e+04 1.1440e+00
 1.0100e+04 1.0927e+00
 1.0200e+04 1.0906e+00
 1.0300e+04 1.0885e+00
 1.0400e+04 1.0864e+00
 1.0500e+04 1.0844e+00
 1.0600e+04 1.0824e+00
 1.0700e+04 1.0804e+00
 1.0800e+04 1.0784e+00
 1.0900e+04 1.0765e+00
 1.1000e+04 1.0745e+00
 1.1100e+04 1.0726e+00
 1.1200e+04 1.0708e+00
 1.1300e+04 1.0689e+00
 1.1400e+04 1.0670e+00
 1.1500e+04 1.0652e+00
 1.1600e+04 1.0634e+00
 1.1700e+04 1.0616e+00
 1.1800e+04 1.0598e+00
 1.1900e+04 1.0581e+00
 1.2000e+04 1.0564e+00
