 1.2613e+03 2.5570e-01
 1.2660e+03 2.4898e-01
 1.2707e+03 2.4238e-01
 1.2753e+03 2.3580e-01
 1.2800e+03 2.2940e-01
 1.2847e+03 2.2308e-01
 1.2893e+03 2.1679e-01
 1.2940e+03 2.1065e-01
 1.2987e+03 2.0461e-01
 1.3033e+03 1.9858e-01
 1.3080e+03 1.9269e-01
 1.3127e+03 1.8688e-01
 1.3173e+03 1.8110e-01
 1.3220e+03 1.7798e-01
 1.3267e+03 1.7825e-01
 1.3313e+03 1.7852e-01
 1.3360e+03 1.7879e-01
 1.3407e+03 1.7905e-01
 1.3453e+03 1.7933e-01
 1.3500e+03 1.7959e-01
 1.3547e+03 1.7986e-01
 1.3593e+03 1.8013e-01
 1.3640e+03 1.8040e-01
 1.3687e+03 1.8067e-01
 1.3733e+03 1.8094e-01
 1.3780e+03 1.8014e-01
 1.3827e+03 1.7554e-01
 1.3873e+03 1.7096e-01
 1.3920e+03 1.6648e-01
 1.3967e+03 1.6207e-01
 1.4013e+03 1.5768e-01
 1.4060e+03 1.5340e-01
 1.4107e+03 1.4915e-01
 1.4153e+03 1.4494e-01
 1.4200e+03 1.4083e-01
 1.4247e+03 1.3676e-01
 1.4293e+03 1.3440e-01
 1.4340e+03 1.3616e-01
 1.4387e+03 1.3794e-01
 1.4433e+03 1.3977e-01
 1.4480e+03 1.4159e-01
 1.4527e+03 1.4341e-01
 1.4573e+03 1.4526e-01
 1.4620e+03 1.4711e-01
 1.4667e+03 1.4897e-01
 1.4713e+03 1.5087e-01
 1.4760e+03 1.5275e-01
 1.4807e+03 1.5465e-01
 1.4853e+03 1.5654e-01
 1.4900e+03 1.5472e-01
 1.4947e+03 1.5229e-01
 1.4993e+03 1.4985e-01
 1.5040e+03 1.4745e-01
 1.5087e+03 1.4507e-01
 1.5133e+03 1.4269e-01
 1.5180e+03 1.4035e-01
 1.5227e+03 1.3803e-01
 1.5273e+03 1.3571e-01
 1.5320e+03 1.3343e-01
 1.5367e+03 1.3117e-01
 1.5413e+03 1.2890e-01
 1.5460e+03 1.2668e-01
 1.5507e+03 1.2447e-01
 1.5553e+03 1.2235e-01
 1.5600e+03 1.2029e-01
 1.5647e+03 1.1824e-01
 1.5693e+03 1.1619e-01
 1.5740e+03 1.1418e-01
 1.5787e+03 1.1219e-01
 1.5833e+03 1.1019e-01
 1.5880e+03 1.0823e-01
 1.5927e+03 1.0628e-01
 1.5973e+03 1.0435e-01
 1.6020e+03 1.0378e-01
 1.6067e+03 1.0500e-01
 1.6113e+03 1.0625e-01
 1.6160e+03 1.0748e-01
 1.6207e+03 1.0873e-01
 1.6253e+03 1.1000e-01
 1.6300e+03 1.1127e-01
 1.6347e+03 1.1253e-01
 1.6393e+03 1.1382e-01
 1.6440e+03 1.1510e-01
 1.6487e+03 1.1639e-01
 1.6533e+03 1.1770e-01
 1.6580e+03 1.1802e-01
 1.6627e+03 1.1705e-01
 1.6673e+03 1.1607e-01
 1.6720e+03 1.1510e-01
 1.6767e+03 1.1415e-01
 1.6813e+03 1.1318e-01
 1.6860e+03 1.1223e-01
 1.6907e+03 1.1128e-01
 1.6953e+03 1.1032e-01
 1.7000e+03 1.0938e-01
 1.7047e+03 1.0845e-01
 1.7093e+03 1.1092e-01
 1.7140e+03 1.1681e-01
 1.7187e+03 1.2284e-01
 1.7233e+03 1.2905e-01
 1.7280e+03 1.3537e-01
 1.7327e+03 1.4181e-01
 1.7373e+03 1.4847e-01
 1.7420e+03 1.5524e-01
 1.7467e+03 1.6219e-01
 1.7513e+03 1.6938e-01
 1.7560e+03 1.7331e-01
 1.7607e+03 1.6563e-01
 1.7653e+03 1.5802e-01
 1.7700e+03 1.5070e-01
 1.7747e+03 1.4360e-01
 1.7793e+03 1.3663e-01
 1.7840e+03 1.2994e-01
 1.7887e+03 1.2339e-01
 1.7933e+03 1.1699e-01
 1.7980e+03 1.1082e-01
 1.8027e+03 1.0481e-01
 1.8073e+03 9.8860e-02
 1.8120e+03 9.3149e-02
 1.8167e+03 8.7555e-02
 1.8213e+03 8.2023e-02
 1.8260e+03 7.9170e-02
 1.8307e+03 7.7745e-02
 1.8353e+03 7.6330e-02
 1.8400e+03 7.4938e-02
 1.8447e+03 7.3564e-02
 1.8493e+03 7.2187e-02
 1.8540e+03 7.0845e-02
 1.8587e+03 6.9513e-02
 1.8633e+03 6.8188e-02
 1.8680e+03 6.6881e-02
 1.8727e+03 6.5595e-02
 1.8773e+03 6.4307e-02
 1.8820e+03 6.3050e-02
 1.8867e+03 6.1797e-02
 1.8913e+03 6.0552e-02
 1.8960e+03 5.9331e-02
 1.9007e+03 5.8123e-02
 1.9053e+03 5.6910e-02
 1.9100e+03 5.5725e-02
 1.9147e+03 5.4554e-02
 1.9193e+03 5.3378e-02
 1.9240e+03 5.2228e-02
 1.9287e+03 5.1084e-02
 1.9333e+03 4.9944e-02
 1.9380e+03 4.8823e-02
 1.9427e+03 4.7716e-02
 1.9473e+03 4.6598e-02
 1.9520e+03 4.5521e-02
 1.9567e+03 4.6890e-02
 1.9613e+03 4.8984e-02
 1.9660e+03 5.1106e-02
 1.9707e+03 5.3246e-02
 1.9753e+03 5.5453e-02
 1.9800e+03 5.7673e-02
 1.9847e+03 5.9938e-02
 1.9893e+03 6.2268e-02
 1.9940e+03 6.4610e-02
 1.9987e+03 6.7006e-02
 2.0033e+03 6.9467e-02
 2.0080e+03 7.1966e-02
 2.0127e+03 7.4499e-02
 2.0173e+03 7.7117e-02
 2.0220e+03 7.9756e-02
 2.0267e+03 8.2467e-02
 2.0313e+03 8.5237e-02
 2.0360e+03 8.6510e-02
 2.0407e+03 8.5742e-02
 2.0453e+03 8.4966e-02
 2.0500e+03 8.4205e-02
 2.0547e+03 8.3452e-02
 2.0593e+03 8.2691e-02
 2.0640e+03 8.1941e-02
 2.0687e+03 8.1191e-02
 2.0733e+03 8.0445e-02
 2.0780e+03 7.9706e-02
 2.0827e+03 7.8970e-02
 2.0873e+03 7.8226e-02
 2.0920e+03 7.7501e-02
 2.0967e+03 7.6775e-02
 2.1013e+03 7.6047e-02
 2.1060e+03 7.5326e-02
 2.1107e+03 7.4612e-02
 2.1153e+03 7.3892e-02
 2.1200e+03 7.3185e-02
 2.1247e+03 7.2476e-02
 2.1293e+03 7.1768e-02
 2.1340e+03 7.1107e-02
 2.1387e+03 7.1933e-02
 2.1433e+03 7.2812e-02
 2.1480e+03 7.3687e-02
 2.1527e+03 7.4564e-02
 2.1573e+03 7.5458e-02
 2.1620e+03 7.6346e-02
 2.1667e+03 7.7243e-02
 2.1713e+03 7.8150e-02
 2.1760e+03 7.9058e-02
 2.1807e+03 7.9962e-02
 2.1853e+03 8.0890e-02
 2.1900e+03 8.1809e-02
 2.1947e+03 8.2734e-02
 2.1993e+03 8.3674e-02
 2.2040e+03 8.4618e-02
 2.2087e+03 8.5555e-02
 2.2133e+03 8.6516e-02
 2.2180e+03 8.7465e-02
 2.2227e+03 8.8421e-02
 2.2273e+03 8.9392e-02
 2.2320e+03 9.0357e-02
 2.2367e+03 9.1327e-02
 2.2413e+03 9.2308e-02
 2.2460e+03 9.3292e-02
 2.2507e+03 9.4272e-02
 2.2553e+03 9.5273e-02
 2.2600e+03 9.6267e-02
 2.2647e+03 9.7267e-02
 2.2693e+03 9.8283e-02
 2.2740e+03 9.9293e-02
 2.2787e+03 1.0031e-01
 2.2833e+03 1.0134e-01
 2.2880e+03 1.0236e-01
 2.2927e+03 1.0339e-01
 2.2973e+03 1.0444e-01
 2.3020e+03 1.0548e-01
 2.3067e+03 1.0653e-01
 2.3113e+03 1.0760e-01
 2.3160e+03 1.0865e-01
 2.3207e+03 1.0792e-01
 2.3253e+03 1.0669e-01
 2.3300e+03 1.0549e-01
 2.3347e+03 1.0428e-01
 2.3393e+03 1.0308e-01
 2.3440e+03 1.0189e-01
 2.3487e+03 1.0071e-01
 2.3533e+03 9.9524e-02
 2.3580e+03 9.8363e-02
 2.3627e+03 9.7201e-02
 2.3673e+03 9.6037e-02
 2.3720e+03 9.4893e-02
 2.3767e+03 9.3759e-02
 2.3813e+03 9.2616e-02
 2.3860e+03 9.1488e-02
 2.3907e+03 9.0374e-02
 2.3953e+03 8.9250e-02
 2.4000e+03 8.8145e-02
 2.4047e+03 8.7043e-02
 2.4093e+03 8.5931e-02
 2.4140e+03 8.3847e-02
 2.4187e+03 8.1619e-02
 2.4233e+03 7.9392e-02
 2.4280e+03 7.7229e-02
 2.4327e+03 7.5092e-02
 2.4373e+03 7.2968e-02
 2.4420e+03 7.0882e-02
 2.4467e+03 6.6988e-02
 2.4513e+03 6.0067e-02
 2.4560e+03 5.3679e-02
 2.4607e+03 4.7688e-02
 2.4653e+03 4.1998e-02
 2.4700e+03 3.6717e-02
 2.4747e+03 3.1713e-02
 2.4793e+03 3.1820e-02
 2.4840e+03 3.4001e-02
 2.4887e+03 3.6231e-02
 2.4933e+03 3.8564e-02
 2.4980e+03 4.0940e-02
 2.5027e+03 4.3410e-02
 2.5073e+03 4.5816e-02
 2.5120e+03 4.6843e-02
 2.5167e+03 4.7839e-02
 2.5213e+03 4.8862e-02
 2.5260e+03 4.9881e-02
 2.5307e+03 5.0912e-02
 2.5353e+03 5.1962e-02
 2.5400e+03 5.3014e-02
 2.5447e+03 5.4123e-02
 2.5493e+03 5.5329e-02
 2.5540e+03 5.6534e-02
 2.5587e+03 5.7749e-02
 2.5633e+03 5.8997e-02
 2.5680e+03 6.0237e-02
 2.5727e+03 6.1493e-02
 2.5773e+03 6.2772e-02
 2.5820e+03 6.4059e-02
 2.5867e+03 6.5351e-02
 2.5913e+03 6.6675e-02
 2.5960e+03 6.7995e-02
 2.6007e+03 6.9335e-02
 2.6053e+03 7.0290e-02
 2.6100e+03 6.7933e-02
 2.6147e+03 6.5512e-02
 2.6193e+03 6.3106e-02
 2.6240e+03 6.0767e-02
 2.6287e+03 5.8474e-02
 2.6333e+03 5.8624e-02
 2.6380e+03 6.1216e-02
 2.6427e+03 6.3873e-02
 2.6473e+03 6.6598e-02
 2.6520e+03 6.9361e-02
 2.6567e+03 7.2172e-02
 2.6613e+03 7.5075e-02
 2.6660e+03 7.5045e-02
 2.6707e+03 7.4521e-02
 2.6753e+03 7.3994e-02
 2.6800e+03 7.3473e-02
 2.6847e+03 7.2954e-02
 2.6893e+03 7.2430e-02
 2.6940e+03 7.1666e-02
 2.6987e+03 6.9997e-02
 2.7033e+03 6.8330e-02
 2.7080e+03 6.6703e-02
 2.7127e+03 6.5097e-02
 2.7173e+03 6.3494e-02
 2.7220e+03 6.1919e-02
 2.7267e+03 6.1131e-02
 2.7313e+03 6.0910e-02
 2.7360e+03 6.0694e-02
 2.7407e+03 6.0477e-02
 2.7453e+03 6.0259e-02
 2.7500e+03 6.0043e-02
 2.7547e+03 5.9842e-02
 2.7593e+03 6.0102e-02
 2.7640e+03 6.0413e-02
 2.7687e+03 6.0724e-02
 2.7733e+03 6.1038e-02
 2.7780e+03 6.1351e-02
 2.7827e+03 6.1665e-02
 2.7873e+03 6.1982e-02
 2.7920e+03 6.2297e-02
 2.7967e+03 6.2612e-02
 2.8013e+03 6.2933e-02
 2.8060e+03 6.3250e-02
 2.8107e+03 6.3569e-02
 2.8153e+03 6.3891e-02
 2.8200e+03 6.4437e-02
 2.8247e+03 6.5108e-02
 2.8293e+03 6.5791e-02
 2.8340e+03 6.6468e-02
 2.8387e+03 6.7151e-02
 2.8433e+03 6.7845e-02
 2.8480e+03 6.8545e-02
 2.8527e+03 6.9498e-02
 2.8573e+03 7.0482e-02
 2.8620e+03 7.1462e-02
 2.8667e+03 7.2447e-02
 2.8713e+03 7.3448e-02
 2.8760e+03 7.4446e-02
 2.8807e+03 7.6406e-02
 2.8853e+03 8.0141e-02
 2.8900e+03 8.3933e-02
 2.8947e+03 8.7796e-02
 2.8993e+03 9.1810e-02
 2.9040e+03 9.5863e-02
 2.9087e+03 1.0002e-01
 2.9133e+03 1.0392e-01
 2.9180e+03 1.0770e-01
 2.9227e+03 1.1155e-01
 2.9273e+03 1.1551e-01
 2.9320e+03 1.1948e-01
 2.9367e+03 1.2354e-01
 2.9413e+03 1.2713e-01
 2.9460e+03 1.2618e-01
 2.9507e+03 1.2505e-01
 2.9553e+03 1.2392e-01
 2.9600e+03 1.2280e-01
 2.9647e+03 1.2159e-01
 2.9693e+03 1.1739e-01
 2.9740e+03 1.1297e-01
 2.9787e+03 1.0863e-01
 2.9833e+03 1.0435e-01
 2.9880e+03 1.0020e-01
 2.9927e+03 9.6142e-02
 2.9973e+03 9.2107e-02
 3.0020e+03 8.8197e-02
 3.0067e+03 8.4496e-02
 3.0113e+03 8.3752e-02
 3.0160e+03 8.3406e-02
 3.0207e+03 8.3057e-02
 3.0253e+03 8.2704e-02
 3.0300e+03 8.2360e-02
 3.0347e+03 8.3992e-02
 3.0393e+03 8.9349e-02
 3.0440e+03 9.4793e-02
 3.0487e+03 1.0039e-01
 3.0533e+03 1.0620e-01
 3.0580e+03 1.1215e-01
 3.0627e+03 1.1826e-01
 3.0673e+03 1.2512e-01
 3.0720e+03 1.3256e-01
 3.0767e+03 1.4024e-01
 3.0813e+03 1.4821e-01
 3.0860e+03 1.5257e-01
 3.0907e+03 1.5200e-01
 3.0953e+03 1.5143e-01
 3.1000e+03 1.5085e-01
 3.1047e+03 1.5028e-01
 3.1093e+03 1.4971e-01
 3.1140e+03 1.4984e-01
 3.1187e+03 1.5246e-01
 3.1233e+03 1.5513e-01
 3.1280e+03 1.5780e-01
 3.1327e+03 1.6048e-01
 3.1373e+03 1.6323e-01
 3.1420e+03 1.6596e-01
 3.1467e+03 1.6872e-01
 3.1513e+03 1.7152e-01
 3.1560e+03 1.7432e-01
 3.1607e+03 1.7714e-01
 3.1653e+03 1.8002e-01
 3.1700e+03 1.8288e-01
 3.1747e+03 1.8577e-01
 3.1793e+03 1.8872e-01
 3.1840e+03 1.9167e-01
 3.1887e+03 1.9463e-01
 3.1933e+03 1.9765e-01
 3.1980e+03 2.0067e-01
 3.2027e+03 2.0181e-01
 3.2073e+03 2.0153e-01
 3.2120e+03 2.0124e-01
 3.2167e+03 2.0096e-01
 3.2213e+03 2.0068e-01
 3.2260e+03 2.0039e-01
 3.2307e+03 2.0012e-01
 3.2353e+03 1.9983e-01
 3.2400e+03 1.9966e-01
 3.2447e+03 2.0276e-01
 3.2493e+03 2.0601e-01
 3.2540e+03 2.0927e-01
 3.2587e+03 2.1255e-01
 3.2633e+03 2.1589e-01
 3.2680e+03 2.1922e-01
 3.2727e+03 2.2258e-01
 3.2773e+03 2.2599e-01
 3.2820e+03 2.2754e-01
 3.2867e+03 2.2662e-01
 3.2913e+03 2.2570e-01
 3.2960e+03 2.2478e-01
 3.3007e+03 2.2387e-01
 3.3053e+03 2.2295e-01
 3.3100e+03 2.2204e-01
 3.3147e+03 2.2113e-01
 3.3193e+03 2.2021e-01
 3.3240e+03 2.1893e-01
 3.3287e+03 2.1759e-01
 3.3333e+03 2.1624e-01
 3.3380e+03 2.1491e-01
 3.3427e+03 2.1357e-01
 3.3473e+03 2.1224e-01
 3.3520e+03 2.1091e-01
 3.3567e+03 2.0960e-01
 3.3613e+03 2.0930e-01
 3.3660e+03 2.1153e-01
 3.3707e+03 2.1376e-01
 3.3753e+03 2.1603e-01
 3.3800e+03 2.1830e-01
 3.3847e+03 2.2058e-01
 3.3893e+03 2.2288e-01
 3.3940e+03 2.2518e-01
 3.3987e+03 2.2749e-01
 3.4033e+03 2.2759e-01
 3.4080e+03 2.2680e-01
 3.4127e+03 2.2600e-01
 3.4173e+03 2.2520e-01
 3.4220e+03 2.2441e-01
 3.4267e+03 2.2362e-01
 3.4313e+03 2.2283e-01
 3.4360e+03 2.2204e-01
 3.4407e+03 2.2157e-01
 3.4453e+03 2.2274e-01
 3.4500e+03 2.2393e-01
 3.4547e+03 2.2513e-01
 3.4593e+03 2.2635e-01
 3.4640e+03 2.2756e-01
 3.4687e+03 2.2876e-01
 3.4733e+03 2.2999e-01
 3.4780e+03 2.3120e-01
 3.4827e+03 2.3154e-01
 3.4873e+03 2.3122e-01
 3.4920e+03 2.3091e-01
 3.4967e+03 2.3059e-01
 3.5013e+03 2.3027e-01
 3.5060e+03 2.2996e-01
 3.5107e+03 2.2964e-01
 3.5153e+03 2.2932e-01
 3.5200e+03 2.2905e-01
 3.5247e+03 2.2993e-01
 3.5293e+03 2.3086e-01
 3.5340e+03 2.3178e-01
 3.5387e+03 2.3271e-01
 3.5433e+03 2.3365e-01
 3.5480e+03 2.3458e-01
 3.5527e+03 2.3551e-01
 3.5573e+03 2.3645e-01
 3.5620e+03 2.3517e-01
 3.5667e+03 2.3100e-01
 3.5713e+03 2.2681e-01
 3.5760e+03 2.2271e-01
 3.5807e+03 2.1863e-01
 3.5853e+03 2.1457e-01
 3.5900e+03 2.1058e-01
 3.5947e+03 2.0664e-01
 3.5993e+03 2.0278e-01
 3.6040e+03 2.0844e-01
 3.6087e+03 2.1588e-01
 3.6133e+03 2.2353e-01
 3.6180e+03 2.3124e-01
 3.6227e+03 2.3907e-01
 3.6273e+03 2.4710e-01
 3.6320e+03 2.5630e-01
 3.6367e+03 2.5995e-01
 3.6413e+03 2.6217e-01
 3.6460e+03 2.7182e-01
 3.6507e+03 2.7531e-01
 3.6553e+03 2.7822e-01
 3.6600e+03 2.8693e-01
 3.6647e+03 2.9574e-01
 3.6693e+03 2.9567e-01
 3.6740e+03 2.9745e-01
 3.6787e+03 2.9869e-01
 3.6833e+03 3.0130e-01
 3.6880e+03 3.0293e-01
 3.6927e+03 3.0112e-01
 3.6973e+03 2.9647e-01
 3.7020e+03 2.9334e-01
 3.7067e+03 2.9530e-01
 3.7113e+03 2.8811e-01
 3.7160e+03 2.9044e-01
 3.7207e+03 2.9063e-01
 3.7253e+03 2.7873e-01
 3.7300e+03 2.7515e-01
 3.7347e+03 2.5792e-01
 3.7393e+03 2.4627e-01
 3.7440e+03 2.5323e-01
 3.7487e+03 2.5340e-01
 3.7533e+03 2.5361e-01
 3.7580e+03 2.5498e-01
 3.7627e+03 2.6020e-01
 3.7673e+03 2.7023e-01
 3.7720e+03 2.7715e-01
 3.7767e+03 2.8884e-01
 3.7813e+03 2.8616e-01
 3.7860e+03 2.8680e-01
 3.7907e+03 2.8359e-01
 3.7953e+03 2.8233e-01
 3.8000e+03 2.8096e-01
 3.8047e+03 2.7965e-01
 3.8093e+03 2.6965e-01
 3.8140e+03 2.5280e-01
 3.8187e+03 2.3981e-01
 3.8233e+03 2.2599e-01
 3.8280e+03 2.0694e-01
 3.8327e+03 2.0582e-01
 3.8373e+03 2.0917e-01
 3.8420e+03 2.1129e-01
 3.8467e+03 2.1479e-01
 3.8513e+03 2.1597e-01
 3.8560e+03 2.1740e-01
 3.8607e+03 2.2788e-01
 3.8653e+03 2.3271e-01
 3.8700e+03 2.2480e-01
 3.8747e+03 2.2772e-01
 3.8793e+03 2.3419e-01
 3.8840e+03 2.4425e-01
 3.8887e+03 2.5672e-01
 3.8933e+03 2.6507e-01
 3.8980e+03 2.7384e-01
 3.9027e+03 2.7784e-01
 3.9073e+03 2.7847e-01
 3.9120e+03 2.8230e-01
 3.9167e+03 2.7660e-01
 3.9213e+03 2.5347e-01
 3.9260e+03 2.3234e-01
 3.9307e+03 2.2903e-01
 3.9353e+03 2.3296e-01
 3.9400e+03 2.4546e-01
 3.9447e+03 2.7482e-01
 3.9493e+03 2.9019e-01
 3.9540e+03 2.8661e-01
 3.9587e+03 2.6272e-01
 3.9633e+03 2.5663e-01
 3.9680e+03 2.6913e-01
 3.9727e+03 2.9587e-01
 3.9773e+03 3.3620e-01
 3.9820e+03 3.7547e-01
 3.9867e+03 3.9898e-01
 3.9913e+03 4.2280e-01
 3.9960e+03 4.4448e-01
 4.0007e+03 4.5621e-01
 4.0053e+03 4.6719e-01
 4.0100e+03 4.7534e-01
 4.0147e+03 4.8765e-01
 4.0193e+03 5.0951e-01
 4.0240e+03 5.0725e-01
 4.0287e+03 5.0460e-01
 4.0333e+03 5.0893e-01
 4.0380e+03 5.1957e-01
 4.0427e+03 5.2462e-01
 4.0473e+03 5.1939e-01
 4.0520e+03 5.1718e-01
 4.0567e+03 5.1375e-01
 4.0613e+03 5.1177e-01
 4.0660e+03 5.0884e-01
 4.0707e+03 5.0822e-01
 4.0753e+03 5.0981e-01
 4.0800e+03 5.1914e-01
 4.0847e+03 5.2781e-01
 4.0893e+03 5.2624e-01
 4.0940e+03 5.2061e-01
 4.0987e+03 5.1238e-01
 4.1033e+03 5.1365e-01
 4.1080e+03 5.2195e-01
 4.1127e+03 5.3252e-01
 4.1173e+03 5.3689e-01
 4.1220e+03 5.3331e-01
 4.1267e+03 5.2445e-01
 4.1313e+03 5.1933e-01
 4.1360e+03 5.1181e-01
 4.1407e+03 5.1011e-01
 4.1453e+03 5.0902e-01
 4.1500e+03 5.0138e-01
 4.1547e+03 5.0460e-01
 4.1593e+03 5.0844e-01
 4.1640e+03 5.0727e-01
 4.1687e+03 5.0367e-01
 4.1733e+03 5.0075e-01
 4.1780e+03 5.0341e-01
 4.1827e+03 5.1132e-01
 4.1873e+03 5.1871e-01
 4.1920e+03 5.1055e-01
 4.1967e+03 5.1303e-01
 4.2013e+03 5.1939e-01
 4.2060e+03 5.2933e-01
 4.2107e+03 5.3670e-01
 4.2153e+03 5.3113e-01
 4.2200e+03 5.3223e-01
 4.2247e+03 5.3599e-01
 4.2293e+03 5.2914e-01
 4.2340e+03 5.4490e-01
 4.2387e+03 5.6128e-01
 4.2433e+03 5.5775e-01
 4.2480e+03 5.6486e-01
 4.2527e+03 5.6056e-01
 4.2573e+03 5.6298e-01
 4.2620e+03 5.6269e-01
 4.2667e+03 5.5952e-01
 4.2713e+03 5.6001e-01
 4.2760e+03 5.5163e-01
 4.2807e+03 5.5547e-01
 4.2853e+03 5.4904e-01
 4.2900e+03 5.4307e-01
 4.2947e+03 5.1680e-01
 4.2993e+03 5.0067e-01
 4.3040e+03 4.9334e-01
 4.3087e+03 5.1590e-01
 4.3133e+03 5.2817e-01
 4.3180e+03 5.4503e-01
 4.3227e+03 5.6845e-01
 4.3273e+03 5.7580e-01
 4.3320e+03 5.9880e-01
 4.3367e+03 6.0617e-01
 4.3413e+03 6.1097e-01
 4.3460e+03 6.2277e-01
 4.3507e+03 6.5235e-01
 4.3553e+03 6.5828e-01
 4.3600e+03 6.7133e-01
 4.3647e+03 6.6984e-01
 4.3693e+03 6.6886e-01
 4.3740e+03 6.5273e-01
 4.3787e+03 6.3450e-01
 4.3833e+03 6.3548e-01
 4.3880e+03 6.3392e-01
 4.3927e+03 6.4265e-01
 4.3973e+03 6.4748e-01
 4.4020e+03 6.5994e-01
 4.4067e+03 6.7013e-01
 4.4113e+03 6.8090e-01
 4.4160e+03 6.9599e-01
 4.4207e+03 6.9752e-01
 4.4253e+03 7.0675e-01
 4.4300e+03 7.1456e-01
 4.4347e+03 7.2751e-01
 4.4393e+03 7.3249e-01
 4.4440e+03 7.4341e-01
 4.4487e+03 7.4006e-01
 4.4533e+03 7.3761e-01
 4.4580e+03 7.3165e-01
 4.4627e+03 7.3142e-01
 4.4673e+03 7.5264e-01
 4.4720e+03 7.6853e-01
 4.4767e+03 7.7619e-01
 4.4813e+03 7.7567e-01
 4.4860e+03 7.7869e-01
 4.4907e+03 7.8743e-01
 4.4953e+03 7.9515e-01
 4.5000e+03 8.0695e-01
 4.5047e+03 8.1699e-01
 4.5093e+03 8.2366e-01
 4.5140e+03 8.2231e-01
 4.5187e+03 8.1904e-01
 4.5233e+03 8.0205e-01
 4.5280e+03 7.9168e-01
 4.5327e+03 7.9142e-01
 4.5373e+03 7.9978e-01
 4.5420e+03 8.0894e-01
 4.5467e+03 8.1297e-01
 4.5513e+03 8.1994e-01
 4.5560e+03 8.2229e-01
 4.5607e+03 8.3176e-01
 4.5653e+03 8.3658e-01
 4.5700e+03 8.3751e-01
 4.5747e+03 8.3604e-01
 4.5793e+03 8.3784e-01
 4.5840e+03 8.3772e-01
 4.5887e+03 8.4214e-01
 4.5933e+03 8.4264e-01
 4.5980e+03 8.4531e-01
 4.6027e+03 8.5291e-01
 4.6073e+03 8.5971e-01
 4.6120e+03 8.6783e-01
 4.6167e+03 8.7773e-01
 4.6213e+03 8.8182e-01
 4.6260e+03 8.8170e-01
 4.6307e+03 8.7891e-01
 4.6353e+03 8.7091e-01
 4.6400e+03 8.5786e-01
 4.6447e+03 8.4908e-01
 4.6493e+03 8.4640e-01
 4.6540e+03 8.4567e-01
 4.6587e+03 8.3829e-01
 4.6633e+03 8.3126e-01
 4.6680e+03 8.2373e-01
 4.6727e+03 8.1473e-01
 4.6773e+03 8.1833e-01
 4.6820e+03 8.2015e-01
 4.6867e+03 8.2331e-01
 4.6913e+03 8.1953e-01
 4.6960e+03 8.1762e-01
 4.7007e+03 8.1764e-01
 4.7053e+03 8.1987e-01
 4.7100e+03 8.2920e-01
 4.7147e+03 8.3974e-01
 4.7193e+03 8.4335e-01
 4.7240e+03 8.4845e-01
 4.7287e+03 8.5233e-01
 4.7333e+03 8.5364e-01
 4.7380e+03 8.6490e-01
 4.7427e+03 8.7925e-01
 4.7473e+03 8.8312e-01
 4.7520e+03 8.7936e-01
 4.7567e+03 8.8042e-01
 4.7613e+03 8.8128e-01
 4.7660e+03 8.8094e-01
 4.7707e+03 8.8259e-01
 4.7753e+03 8.8149e-01
 4.7800e+03 8.8255e-01
 4.7847e+03 8.8717e-01
 4.7893e+03 8.9171e-01
 4.7940e+03 8.9588e-01
 4.7987e+03 8.9943e-01
 4.8033e+03 9.0097e-01
 4.8080e+03 9.0857e-01
 4.8127e+03 9.1048e-01
 4.8173e+03 9.0973e-01
 4.8220e+03 9.1357e-01
 4.8267e+03 9.0644e-01
 4.8313e+03 9.0808e-01
 4.8360e+03 9.0781e-01
 4.8407e+03 9.0883e-01
 4.8453e+03 8.9681e-01
 4.8500e+03 8.8532e-01
 4.8547e+03 8.7162e-01
 4.8593e+03 8.5755e-01
 4.8640e+03 8.4915e-01
 4.8687e+03 8.5102e-01
 4.8733e+03 8.5901e-01
 4.8780e+03 8.5427e-01
 4.8827e+03 8.5810e-01
 4.8873e+03 8.7144e-01
 4.8920e+03 8.8113e-01
 4.8967e+03 8.8936e-01
 4.9013e+03 9.0015e-01
 4.9060e+03 9.0287e-01
 4.9107e+03 8.9951e-01
 4.9153e+03 9.0347e-01
 4.9200e+03 9.0582e-01
 4.9247e+03 9.0429e-01
 4.9293e+03 9.0592e-01
 4.9340e+03 9.1241e-01
 4.9387e+03 9.1900e-01
 4.9433e+03 9.2348e-01
 4.9480e+03 9.2317e-01
 4.9527e+03 9.2025e-01
 4.9573e+03 9.1575e-01
 4.9620e+03 9.1352e-01
 4.9667e+03 9.0859e-01
 4.9713e+03 8.9925e-01
 4.9760e+03 8.9106e-01
 4.9807e+03 8.8326e-01
 4.9853e+03 8.7117e-01
 4.9900e+03 8.6793e-01
 4.9947e+03 8.6460e-01
 4.9993e+03 8.5557e-01
 5.0040e+03 8.4585e-01
 5.0087e+03 8.3647e-01
 5.0133e+03 8.2943e-01
 5.0180e+03 8.2937e-01
 5.0227e+03 8.2913e-01
 5.0273e+03 8.3165e-01
 5.0320e+03 8.2688e-01
 5.0367e+03 8.2215e-01
 5.0413e+03 8.2441e-01
 5.0460e+03 8.2930e-01
 5.0507e+03 8.3525e-01
 5.0553e+03 8.4140e-01
 5.0600e+03 8.4184e-01
 5.0647e+03 8.3927e-01
 5.0693e+03 8.3206e-01
 5.0740e+03 8.3128e-01
 5.0787e+03 8.3125e-01
 5.0833e+03 8.3315e-01
 5.0880e+03 8.3143e-01
 5.0927e+03 8.3136e-01
 5.0973e+03 8.3265e-01
 5.1020e+03 8.2469e-01
 5.1067e+03 8.2559e-01
 5.1113e+03 8.2971e-01
 5.1160e+03 8.2603e-01
 5.1207e+03 8.2278e-01
 5.1253e+03 8.2125e-01
 5.1300e+03 8.1222e-01
 5.1347e+03 8.1297e-01
 5.1393e+03 8.0854e-01
 5.1440e+03 8.0658e-01
 5.1487e+03 8.1533e-01
 5.1533e+03 8.0714e-01
 5.1580e+03 7.9038e-01
 5.1627e+03 7.6871e-01
 5.1673e+03 7.6310e-01
 5.1720e+03 7.4364e-01
 5.1767e+03 7.3006e-01
 5.1813e+03 7.3456e-01
 5.1860e+03 7.5818e-01
 5.1907e+03 7.8203e-01
 5.1953e+03 7.7223e-01
 5.2000e+03 7.6817e-01
 5.2047e+03 7.8326e-01
 5.2093e+03 7.9667e-01
 5.2140e+03 8.1229e-01
 5.2187e+03 8.2809e-01
 5.2233e+03 8.4523e-01
 5.2280e+03 8.6292e-01
 5.2327e+03 8.7707e-01
 5.2373e+03 8.9288e-01
 5.2420e+03 8.9820e-01
 5.2467e+03 9.1349e-01
 5.2513e+03 9.0235e-01
 5.2560e+03 8.8693e-01
 5.2607e+03 8.8575e-01
 5.2653e+03 8.9075e-01
 5.2700e+03 8.7775e-01
 5.2747e+03 8.8056e-01
 5.2793e+03 8.9668e-01
 5.2840e+03 9.2545e-01
 5.2887e+03 9.3575e-01
 5.2933e+03 9.4452e-01
 5.2980e+03 9.5609e-01
 5.3027e+03 9.6453e-01
 5.3073e+03 9.7027e-01
 5.3120e+03 9.7813e-01
 5.3167e+03 9.8015e-01
 5.3213e+03 9.6730e-01
 5.3260e+03 9.7410e-01
 5.3307e+03 9.6851e-01
 5.3353e+03 9.5765e-01
 5.3400e+03 9.6897e-01
 5.3447e+03 9.7723e-01
 5.3493e+03 9.7830e-01
 5.3540e+03 9.8409e-01
 5.3587e+03 9.8006e-01
 5.3633e+03 9.8263e-01
 5.3680e+03 9.8353e-01
 5.3727e+03 9.8383e-01
 5.3773e+03 9.8542e-01
 5.3820e+03 9.7701e-01
 5.3867e+03 9.8197e-01
 5.3913e+03 9.7582e-01
 5.3960e+03 9.6381e-01
 5.4007e+03 9.6439e-01
 5.4053e+03 9.5737e-01
 5.4100e+03 9.6010e-01
 5.4147e+03 9.6627e-01
 5.4193e+03 9.7014e-01
 5.4240e+03 9.7630e-01
 5.4287e+03 9.7565e-01
 5.4333e+03 9.5732e-01
 5.4380e+03 9.6573e-01
 5.4427e+03 9.6592e-01
 5.4473e+03 9.6619e-01
 5.4520e+03 9.7234e-01
 5.4567e+03 9.6575e-01
 5.4613e+03 9.5853e-01
 5.4660e+03 9.5716e-01
 5.4707e+03 9.5399e-01
 5.4753e+03 9.6363e-01
 5.4800e+03 9.6338e-01
 5.4847e+03 9.4829e-01
 5.4893e+03 9.5557e-01
 5.4940e+03 9.6055e-01
 5.4987e+03 9.5497e-01
 5.5033e+03 9.5411e-01
 5.5080e+03 9.5531e-01
 5.5127e+03 9.5396e-01
 5.5173e+03 9.5044e-01
 5.5220e+03 9.5459e-01
 5.5267e+03 9.6372e-01
 5.5313e+03 9.7189e-01
 5.5360e+03 9.7552e-01
 5.5407e+03 9.7142e-01
 5.5453e+03 9.7440e-01
 5.5500e+03 9.6631e-01
 5.5547e+03 9.6954e-01
 5.5593e+03 9.7044e-01
 5.5640e+03 9.7132e-01
 5.5687e+03 9.7831e-01
 5.5733e+03 9.7510e-01
 5.5780e+03 9.6935e-01
 5.5827e+03 9.7069e-01
 5.5873e+03 9.6150e-01
 5.5920e+03 9.5874e-01
 5.5967e+03 9.5309e-01
 5.6013e+03 9.6449e-01
 5.6060e+03 9.6481e-01
 5.6107e+03 9.7177e-01
 5.6153e+03 9.7303e-01
 5.6200e+03 9.6898e-01
 5.6247e+03 9.6792e-01
 5.6293e+03 9.6755e-01
 5.6340e+03 9.6948e-01
 5.6387e+03 9.6412e-01
 5.6433e+03 9.6934e-01
 5.6480e+03 9.6501e-01
 5.6527e+03 9.6432e-01
 5.6573e+03 9.6574e-01
 5.6620e+03 9.6523e-01
 5.6667e+03 9.7453e-01
 5.6713e+03 9.7858e-01
 5.6760e+03 9.8262e-01
 5.6807e+03 9.7638e-01
 5.6853e+03 9.8317e-01
 5.6900e+03 9.7846e-01
 5.6947e+03 9.6896e-01
 5.6993e+03 9.7145e-01
 5.7040e+03 9.7241e-01
 5.7087e+03 9.6980e-01
 5.7133e+03 9.7638e-01
 5.7180e+03 9.8212e-01
 5.7227e+03 9.9023e-01
 5.7273e+03 9.9814e-01
 5.7320e+03 1.0021e+00
 5.7367e+03 1.0013e+00
 5.7413e+03 1.0003e+00
 5.7460e+03 9.9623e-01
 5.7507e+03 9.9595e-01
 5.7553e+03 1.0051e+00
 5.7600e+03 1.0037e+00
 5.7647e+03 1.0017e+00
 5.7693e+03 1.0056e+00
 5.7740e+03 1.0033e+00
 5.7787e+03 1.0077e+00
 5.7833e+03 1.0028e+00
 5.7880e+03 9.9856e-01
 5.7927e+03 1.0023e+00
 5.7973e+03 1.0119e+00
 5.8020e+03 1.0193e+00
 5.8067e+03 1.0263e+00
 5.8113e+03 1.0196e+00
 5.8160e+03 1.0213e+00
 5.8207e+03 1.0089e+00
 5.8253e+03 1.0080e+00
 5.8300e+03 1.0139e+00
 5.8347e+03 1.0076e+00
 5.8393e+03 1.0073e+00
 5.8440e+03 1.0012e+00
 5.8487e+03 1.0042e+00
 5.8533e+03 1.0048e+00
 5.8580e+03 9.8991e-01
 5.8627e+03 9.7053e-01
 5.8673e+03 9.6963e-01
 5.8720e+03 9.6409e-01
 5.8767e+03 9.6670e-01
 5.8813e+03 9.3949e-01
 5.8860e+03 9.2325e-01
 5.8907e+03 9.1509e-01
 5.8953e+03 9.0632e-01
 5.9000e+03 9.0722e-01
 5.9047e+03 9.2551e-01
 5.9093e+03 9.4167e-01
 5.9140e+03 9.6024e-01
 5.9187e+03 9.6698e-01
 5.9233e+03 9.6529e-01
 5.9280e+03 9.6527e-01
 5.9327e+03 9.6627e-01
 5.9373e+03 9.6963e-01
 5.9420e+03 9.7392e-01
 5.9467e+03 9.7763e-01
 5.9513e+03 9.7498e-01
 5.9560e+03 9.6868e-01
 5.9607e+03 9.6865e-01
 5.9653e+03 9.7266e-01
 5.9700e+03 9.6988e-01
 5.9747e+03 9.7481e-01
 5.9793e+03 9.7525e-01
 5.9840e+03 9.8237e-01
 5.9887e+03 9.9014e-01
 5.9933e+03 9.8578e-01
 5.9980e+03 9.7903e-01
 6.0027e+03 9.7761e-01
 6.0073e+03 9.7808e-01
 6.0120e+03 9.8513e-01
 6.0167e+03 9.8878e-01
 6.0213e+03 9.9281e-01
 6.0260e+03 9.9700e-01
 6.0307e+03 1.0067e+00
 6.0353e+03 1.0164e+00
 6.0400e+03 1.0180e+00
 6.0447e+03 1.0164e+00
 6.0493e+03 1.0203e+00
 6.0540e+03 1.0216e+00
 6.0587e+03 1.0261e+00
 6.0633e+03 1.0271e+00
 6.0680e+03 1.0324e+00
 6.0727e+03 1.0307e+00
 6.0773e+03 1.0227e+00
 6.0820e+03 1.0142e+00
 6.0867e+03 1.0144e+00
 6.0913e+03 1.0228e+00
 6.0960e+03 1.0227e+00
 6.1007e+03 1.0239e+00
 6.1053e+03 1.0249e+00
 6.1100e+03 1.0213e+00
 6.1147e+03 1.0244e+00
 6.1193e+03 1.0214e+00
 6.1240e+03 1.0086e+00
 6.1287e+03 1.0061e+00
 6.1333e+03 1.0077e+00
 6.1380e+03 1.0163e+00
 6.1427e+03 1.0138e+00
 6.1473e+03 1.0046e+00
 6.1520e+03 9.9441e-01
 6.1567e+03 9.8476e-01
 6.1613e+03 9.7313e-01
 6.1660e+03 9.6275e-01
 6.1707e+03 9.7016e-01
 6.1753e+03 9.7325e-01
 6.1800e+03 9.7299e-01
 6.1847e+03 9.7139e-01
 6.1893e+03 9.7173e-01
 6.1940e+03 9.6556e-01
 6.1987e+03 9.5465e-01
 6.2033e+03 9.5452e-01
 6.2080e+03 9.4620e-01
 6.2127e+03 9.4728e-01
 6.2173e+03 9.4478e-01
 6.2220e+03 9.4366e-01
 6.2267e+03 9.4232e-01
 6.2313e+03 9.3149e-01
 6.2360e+03 9.1618e-01
 6.2407e+03 9.1108e-01
 6.2453e+03 9.2028e-01
 6.2500e+03 9.1831e-01
 6.2547e+03 9.2789e-01
 6.2593e+03 9.2129e-01
 6.2640e+03 9.1410e-01
 6.2687e+03 9.2087e-01
 6.2733e+03 9.3085e-01
 6.2780e+03 9.3180e-01
 6.2827e+03 9.3326e-01
 6.2873e+03 9.3713e-01
 6.2920e+03 9.4438e-01
 6.2967e+03 9.5110e-01
 6.3013e+03 9.4931e-01
 6.3060e+03 9.5249e-01
 6.3107e+03 9.5274e-01
 6.3153e+03 9.5420e-01
 6.3200e+03 9.4990e-01
 6.3247e+03 9.4223e-01
 6.3293e+03 9.5282e-01
 6.3340e+03 9.6781e-01
 6.3387e+03 9.6744e-01
 6.3433e+03 9.7162e-01
 6.3480e+03 9.6963e-01
 6.3527e+03 9.6637e-01
 6.3573e+03 9.6121e-01
 6.3620e+03 9.6447e-01
 6.3667e+03 9.6967e-01
 6.3713e+03 9.7624e-01
 6.3760e+03 9.8144e-01
 6.3807e+03 9.8519e-01
 6.3853e+03 9.8700e-01
 6.3900e+03 9.8314e-01
 6.3947e+03 9.8638e-01
 6.3993e+03 9.8071e-01
 6.4040e+03 9.8151e-01
 6.4087e+03 9.8677e-01
 6.4133e+03 9.9122e-01
 6.4180e+03 9.8582e-01
 6.4227e+03 9.9107e-01
 6.4273e+03 9.9049e-01
 6.4320e+03 9.8622e-01
 6.4367e+03 9.8414e-01
 6.4413e+03 9.8396e-01
 6.4460e+03 9.8500e-01
 6.4507e+03 9.8834e-01
 6.4553e+03 9.9256e-01
 6.4600e+03 9.8901e-01
 6.4647e+03 9.8760e-01
 6.4693e+03 9.8604e-01
 6.4740e+03 9.8559e-01
 6.4787e+03 9.8475e-01
 6.4833e+03 9.8518e-01
 6.4880e+03 9.8672e-01
 6.4927e+03 9.7642e-01
 6.4973e+03 9.7529e-01
 6.5020e+03 9.6848e-01
 6.5067e+03 9.7202e-01
 6.5113e+03 9.7326e-01
 6.5160e+03 9.7486e-01
 6.5207e+03 9.8591e-01
 6.5253e+03 9.7810e-01
 6.5300e+03 9.8510e-01
 6.5347e+03 9.7914e-01
 6.5393e+03 9.7943e-01
 6.5440e+03 9.7600e-01
 6.5487e+03 9.6860e-01
 6.5533e+03 9.5690e-01
 6.5580e+03 9.5351e-01
 6.5627e+03 9.5881e-01
 6.5673e+03 9.4982e-01
 6.5720e+03 9.4689e-01
 6.5767e+03 9.5818e-01
 6.5813e+03 9.6600e-01
 6.5860e+03 9.6863e-01
 6.5907e+03 9.7100e-01
 6.5953e+03 9.7221e-01
 6.6000e+03 9.6685e-01
 6.6047e+03 9.7566e-01
 6.6093e+03 9.7320e-01
 6.6140e+03 9.7171e-01
 6.6187e+03 9.7499e-01
 6.6233e+03 9.7755e-01
 6.6280e+03 9.7207e-01
 6.6327e+03 9.6947e-01
 6.6373e+03 9.6799e-01
 6.6420e+03 9.6666e-01
 6.6467e+03 9.6315e-01
 6.6513e+03 9.6702e-01
 6.6560e+03 9.6404e-01
 6.6607e+03 9.6311e-01
 6.6653e+03 9.5809e-01
 6.6700e+03 9.5861e-01
 6.6747e+03 9.6211e-01
 6.6793e+03 9.6054e-01
 6.6840e+03 9.6083e-01
 6.6887e+03 9.6482e-01
 6.6933e+03 9.6178e-01
 6.6980e+03 9.6581e-01
 6.7027e+03 9.5696e-01
 6.7073e+03 9.4965e-01
 6.7120e+03 9.5464e-01
 6.7167e+03 9.5506e-01
 6.7213e+03 9.4689e-01
 6.7260e+03 9.4828e-01
 6.7307e+03 9.4306e-01
 6.7353e+03 9.4373e-01
 6.7400e+03 9.4411e-01
 6.7447e+03 9.4434e-01
 6.7493e+03 9.4528e-01
 6.7540e+03 9.4502e-01
 6.7587e+03 9.4579e-01
 6.7633e+03 9.4796e-01
 6.7680e+03 9.4987e-01
 6.7727e+03 9.4595e-01
 6.7773e+03 9.4401e-01
 6.7820e+03 9.4866e-01
 6.7867e+03 9.4384e-01
 6.7913e+03 9.4678e-01
 6.7960e+03 9.4917e-01
 6.8007e+03 9.5014e-01
 6.8053e+03 9.5265e-01
 6.8100e+03 9.4993e-01
 6.8147e+03 9.4577e-01
 6.8193e+03 9.4776e-01
 6.8240e+03 9.2650e-01
 6.8287e+03 9.0364e-01
 6.8333e+03 9.1274e-01
 6.8380e+03 9.2962e-01
 6.8427e+03 9.2606e-01
 6.8473e+03 9.1901e-01
 6.8520e+03 8.9931e-01
 6.8567e+03 8.7560e-01
 6.8613e+03 8.9162e-01
 6.8660e+03 9.1618e-01
 6.8707e+03 9.2133e-01
 6.8753e+03 9.2612e-01
 6.8800e+03 9.3119e-01
 6.8847e+03 9.4557e-01
 6.8893e+03 9.4885e-01
 6.8940e+03 9.5364e-01
 6.8987e+03 9.5983e-01
 6.9033e+03 9.5912e-01
 6.9080e+03 9.7256e-01
 6.9127e+03 9.6892e-01
 6.9173e+03 9.6122e-01
 6.9220e+03 9.6643e-01
 6.9267e+03 9.6237e-01
 6.9313e+03 9.6407e-01
 6.9360e+03 9.7696e-01
 6.9407e+03 9.6627e-01
 6.9453e+03 9.5576e-01
 6.9500e+03 9.5823e-01
 6.9547e+03 9.6465e-01
 6.9593e+03 9.6427e-01
 6.9640e+03 9.6696e-01
 6.9687e+03 9.6870e-01
 6.9733e+03 9.6012e-01
 6.9780e+03 9.5750e-01
 6.9827e+03 9.5169e-01
 6.9873e+03 9.6044e-01
 6.9920e+03 9.5512e-01
 6.9967e+03 9.5691e-01
 7.0013e+03 9.5967e-01
 7.0060e+03 9.6010e-01
 7.0107e+03 9.5427e-01
 7.0153e+03 9.5477e-01
 7.0200e+03 9.5249e-01
 7.0247e+03 9.5339e-01
 7.0293e+03 9.5777e-01
 7.0340e+03 9.6670e-01
 7.0387e+03 9.6442e-01
 7.0433e+03 9.6419e-01
 7.0480e+03 9.6212e-01
 7.0527e+03 9.6077e-01
 7.0573e+03 9.6175e-01
 7.0620e+03 9.6313e-01
 7.0667e+03 9.6207e-01
 7.0713e+03 9.6130e-01
 7.0760e+03 9.6916e-01
 7.0807e+03 9.7010e-01
 7.0853e+03 9.5235e-01
 7.0900e+03 9.5067e-01
 7.0947e+03 9.4898e-01
 7.0993e+03 9.4729e-01
 7.1040e+03 9.4561e-01
 7.1087e+03 9.4394e-01
 7.1133e+03 9.4226e-01
 7.1180e+03 9.4059e-01
 7.1227e+03 9.3893e-01
 7.1273e+03 9.3726e-01
 7.1320e+03 9.3559e-01
 7.1367e+03 9.3394e-01
 7.1413e+03 9.3228e-01
 7.1460e+03 9.3063e-01
 7.1507e+03 9.2898e-01
 7.1553e+03 9.2733e-01
 7.1600e+03 9.2569e-01
 7.1647e+03 9.2584e-01
 7.1693e+03 9.2602e-01
 7.1740e+03 9.2617e-01
 7.1787e+03 9.2633e-01
 7.1833e+03 9.2649e-01
 7.1880e+03 9.2666e-01
 7.1927e+03 9.2682e-01
 7.1973e+03 9.2698e-01
 7.2020e+03 9.2714e-01
 7.2067e+03 9.2730e-01
 7.2113e+03 9.2746e-01
 7.2160e+03 9.2763e-01
 7.2207e+03 9.2779e-01
 7.2253e+03 9.2795e-01
 7.2300e+03 9.2811e-01
 7.2347e+03 9.2827e-01
 7.2393e+03 9.2843e-01
 7.2440e+03 9.2956e-01
 7.2487e+03 9.3084e-01
 7.2533e+03 9.3213e-01
 7.2580e+03 9.3342e-01
 7.2627e+03 9.3471e-01
 7.2673e+03 9.3601e-01
 7.2720e+03 9.3730e-01
 7.2767e+03 9.3860e-01
 7.2813e+03 9.3990e-01
 7.2860e+03 9.4120e-01
 7.2907e+03 9.4250e-01
 7.2953e+03 9.4381e-01
 7.3000e+03 9.4512e-01
 7.3047e+03 9.4642e-01
 7.3093e+03 9.4773e-01
 7.3140e+03 9.4904e-01
 7.3187e+03 9.5036e-01
 7.3233e+03 9.5199e-01
 7.3280e+03 9.5377e-01
 7.3327e+03 9.5554e-01
 7.3373e+03 9.5731e-01
 7.3420e+03 9.5908e-01
 7.3467e+03 9.6087e-01
 7.3513e+03 9.6265e-01
 7.3560e+03 9.6445e-01
 7.3607e+03 9.6624e-01
 7.3653e+03 9.6803e-01
 7.3700e+03 9.6982e-01
 7.3747e+03 9.7163e-01
 7.3793e+03 9.7343e-01
 7.3840e+03 9.7525e-01
 7.3887e+03 9.7706e-01
 7.3933e+03 9.7887e-01
 7.3980e+03 9.8069e-01
 7.4027e+03 9.8191e-01
 7.4073e+03 9.8268e-01
 7.4120e+03 9.8345e-01
 7.4167e+03 9.8422e-01
 7.4213e+03 9.8498e-01
 7.4260e+03 9.8575e-01
 7.4307e+03 9.8652e-01
 7.4353e+03 9.8729e-01
 7.4400e+03 9.8806e-01
 7.4447e+03 9.8882e-01
 7.4493e+03 9.8959e-01
 7.4540e+03 9.9037e-01
 7.4587e+03 9.9115e-01
 7.4633e+03 9.9192e-01
 7.4680e+03 9.9269e-01
 7.4727e+03 9.9346e-01
 7.4773e+03 9.9424e-01
 7.4820e+03 9.9442e-01
 7.4867e+03 9.9380e-01
 7.4913e+03 9.9317e-01
 7.4960e+03 9.9255e-01
 7.5007e+03 9.9193e-01
 7.5053e+03 9.9130e-01
 7.5100e+03 9.9068e-01
 7.5147e+03 9.9006e-01
 7.5193e+03 9.8944e-01
 7.5240e+03 9.8881e-01
 7.5287e+03 9.8820e-01
 7.5333e+03 9.8758e-01
 7.5380e+03 9.8696e-01
 7.5427e+03 9.8633e-01
 7.5473e+03 9.8572e-01
 7.5520e+03 9.8510e-01
 7.5567e+03 9.8448e-01
 7.5613e+03 9.8373e-01
 7.5660e+03 9.8265e-01
 7.5707e+03 9.8157e-01
 7.5753e+03 9.8049e-01
 7.5800e+03 9.7942e-01
 7.5847e+03 9.7835e-01
 7.5893e+03 9.7727e-01
 7.5940e+03 9.7620e-01
 7.5987e+03 9.7513e-01
 7.6033e+03 9.7406e-01
 7.6080e+03 9.7298e-01
 7.6127e+03 9.7191e-01
 7.6173e+03 9.7085e-01
 7.6220e+03 9.6979e-01
 7.6267e+03 9.6872e-01
 7.6313e+03 9.6766e-01
 7.6360e+03 9.6659e-01
 7.6407e+03 9.6554e-01
 7.6453e+03 9.6448e-01
 7.6500e+03 9.6342e-01
 7.6547e+03 9.6237e-01
 7.6593e+03 9.6131e-01
 7.6640e+03 9.6025e-01
 7.6687e+03 9.5920e-01
 7.6733e+03 9.5814e-01
 7.6780e+03 9.5709e-01
 7.6827e+03 9.5604e-01
 7.6873e+03 9.5500e-01
 7.6920e+03 9.5396e-01
 7.6967e+03 9.5291e-01
 7.7013e+03 9.5186e-01
 7.7060e+03 9.5082e-01
 7.7107e+03 9.4977e-01
 7.7153e+03 9.4873e-01
 7.7200e+03 9.4769e-01
 7.7247e+03 9.4831e-01
 7.7293e+03 9.4893e-01
 7.7340e+03 9.4955e-01
 7.7387e+03 9.5017e-01
 7.7433e+03 9.5078e-01
 7.7480e+03 9.5140e-01
 7.7527e+03 9.5201e-01
 7.7573e+03 9.5263e-01
 7.7620e+03 9.5325e-01
 7.7667e+03 9.5387e-01
 7.7713e+03 9.5450e-01
 7.7760e+03 9.5512e-01
 7.7807e+03 9.5574e-01
 7.7853e+03 9.5636e-01
 7.7900e+03 9.5699e-01
 7.7947e+03 9.5760e-01
 7.7993e+03 9.5822e-01
 7.8040e+03 9.5731e-01
 7.8087e+03 9.5613e-01
 7.8133e+03 9.5496e-01
 7.8180e+03 9.5379e-01
 7.8227e+03 9.5262e-01
 7.8273e+03 9.5144e-01
 7.8320e+03 9.5027e-01
 7.8367e+03 9.4910e-01
 7.8413e+03 9.4794e-01
 7.8460e+03 9.4677e-01
 7.8507e+03 9.4561e-01
 7.8553e+03 9.4445e-01
 7.8600e+03 9.4329e-01
 7.8647e+03 9.4212e-01
 7.8693e+03 9.4097e-01
 7.8740e+03 9.3982e-01
 7.8787e+03 9.3867e-01
 7.8833e+03 9.3746e-01
 7.8880e+03 9.3625e-01
 7.8927e+03 9.3504e-01
 7.8973e+03 9.3383e-01
 7.9020e+03 9.3262e-01
 7.9067e+03 9.3141e-01
 7.9113e+03 9.3021e-01
 7.9160e+03 9.2900e-01
 7.9207e+03 9.2780e-01
 7.9253e+03 9.2660e-01
 7.9300e+03 9.2540e-01
 7.9347e+03 9.2420e-01
 7.9393e+03 9.2300e-01
 7.9440e+03 9.2181e-01
 7.9487e+03 9.2062e-01
 7.9533e+03 9.1942e-01
 7.9580e+03 9.1823e-01
 7.9627e+03 9.1820e-01
 7.9673e+03 9.1906e-01
 7.9720e+03 9.1991e-01
 7.9767e+03 9.2075e-01
 7.9813e+03 9.2160e-01
 7.9860e+03 9.2245e-01
 7.9907e+03 9.2330e-01
 7.9953e+03 9.2415e-01
 8.0000e+03 9.2500e-01
 8.0047e+03 9.2586e-01
 8.0093e+03 9.2671e-01
 8.0140e+03 9.2756e-01
 8.0187e+03 9.2842e-01
 8.0233e+03 9.2928e-01
 8.0280e+03 9.3014e-01
 8.0327e+03 9.3100e-01
 8.0373e+03 9.3185e-01
 8.0420e+03 9.3236e-01
 8.0467e+03 9.3241e-01
 8.0513e+03 9.3245e-01
 8.0560e+03 9.3250e-01
 8.0607e+03 9.3255e-01
 8.0653e+03 9.3259e-01
 8.0700e+03 9.3264e-01
 8.0747e+03 9.3269e-01
 8.0793e+03 9.3274e-01
 8.0840e+03 9.3279e-01
 8.0887e+03 9.3283e-01
 8.0933e+03 9.3287e-01
 8.0980e+03 9.3293e-01
 8.1027e+03 9.3297e-01
 8.1073e+03 9.3301e-01
 8.1120e+03 9.3306e-01
 8.1167e+03 9.3311e-01
 8.1213e+03 9.3330e-01
 8.1260e+03 9.3384e-01
 8.1307e+03 9.3440e-01
 8.1353e+03 9.3494e-01
 8.1400e+03 9.3549e-01
 8.1447e+03 9.3604e-01
 8.1493e+03 9.3659e-01
 8.1540e+03 9.3715e-01
 8.1587e+03 9.3769e-01
 8.1633e+03 9.3825e-01
 8.1680e+03 9.3880e-01
 8.1727e+03 9.3935e-01
 8.1773e+03 9.3990e-01
 8.1820e+03 9.4045e-01
 8.1867e+03 9.4101e-01
 8.1913e+03 9.4156e-01
 8.1960e+03 9.4211e-01
 8.2007e+03 9.4270e-01
 8.2053e+03 9.4351e-01
 8.2100e+03 9.4432e-01
 8.2147e+03 9.4513e-01
 8.2193e+03 9.4595e-01
 8.2240e+03 9.4675e-01
 8.2287e+03 9.4756e-01
 8.2333e+03 9.4838e-01
 8.2380e+03 9.4920e-01
 8.2427e+03 9.5001e-01
 8.2473e+03 9.5083e-01
 8.2520e+03 9.5164e-01
 8.2567e+03 9.5246e-01
 8.2613e+03 9.5328e-01
 8.2660e+03 9.5409e-01
 8.2707e+03 9.5491e-01
 8.2753e+03 9.5573e-01
 8.2800e+03 9.5655e-01
 8.2847e+03 9.5493e-01
 8.2893e+03 9.5331e-01
 8.2940e+03 9.5170e-01
 8.2987e+03 9.5009e-01
 8.3033e+03 9.4848e-01
 8.3080e+03 9.4687e-01
 8.3127e+03 9.4527e-01
 8.3173e+03 9.4368e-01
 8.3220e+03 9.4209e-01
 8.3267e+03 9.4048e-01
 8.3313e+03 9.3890e-01
 8.3360e+03 9.3731e-01
 8.3407e+03 9.3573e-01
 8.3453e+03 9.3413e-01
 8.3500e+03 9.3256e-01
 8.3547e+03 9.3098e-01
 8.3593e+03 9.2940e-01
 8.3640e+03 9.3024e-01
 8.3687e+03 9.3148e-01
 8.3733e+03 9.3271e-01
 8.3780e+03 9.3396e-01
 8.3827e+03 9.3520e-01
 8.3873e+03 9.3644e-01
 8.3920e+03 9.3768e-01
 8.3967e+03 9.3893e-01
 8.4013e+03 9.4018e-01
 8.4060e+03 9.4143e-01
 8.4107e+03 9.4269e-01
 8.4153e+03 9.4394e-01
 8.4200e+03 9.4519e-01
 8.4247e+03 9.4645e-01
 8.4293e+03 9.4771e-01
 8.4340e+03 9.4896e-01
 8.4387e+03 9.5023e-01
 8.4433e+03 9.4922e-01
 8.4480e+03 9.4730e-01
 8.4527e+03 9.4538e-01
 8.4573e+03 9.4346e-01
 8.4620e+03 9.4156e-01
 8.4667e+03 9.3965e-01
 8.4713e+03 9.3774e-01
 8.4760e+03 9.3584e-01
 8.4807e+03 9.3395e-01
 8.4853e+03 9.3205e-01
 8.4900e+03 9.3017e-01
 8.4947e+03 9.2828e-01
 8.4993e+03 9.2640e-01
 8.5040e+03 9.2452e-01
 8.5087e+03 9.2265e-01
 8.5133e+03 9.2079e-01
 8.5180e+03 9.1892e-01
 8.5227e+03 9.1762e-01
 8.5273e+03 9.1675e-01
 8.5320e+03 9.1588e-01
 8.5367e+03 9.1500e-01
 8.5413e+03 9.1413e-01
 8.5460e+03 9.1326e-01
 8.5507e+03 9.1240e-01
 8.5553e+03 9.1153e-01
 8.5600e+03 9.1066e-01
 8.5647e+03 9.0979e-01
 8.5693e+03 9.0893e-01
 8.5740e+03 9.0806e-01
 8.5787e+03 9.0720e-01
 8.5833e+03 9.0633e-01
 8.5880e+03 9.0547e-01
 8.5927e+03 9.0461e-01
 8.5973e+03 9.0375e-01
 8.6020e+03 9.0346e-01
 8.6067e+03 9.0394e-01
 8.6113e+03 9.0442e-01
 8.6160e+03 9.0489e-01
 8.6207e+03 9.0537e-01
 8.6253e+03 9.0585e-01
 8.6300e+03 9.0632e-01
 8.6347e+03 9.0680e-01
 8.6393e+03 9.0728e-01
 8.6440e+03 9.0775e-01
 8.6487e+03 9.0823e-01
 8.6533e+03 9.0871e-01
 8.6580e+03 9.0920e-01
 8.6627e+03 9.0967e-01
 8.6673e+03 9.1015e-01
 8.6720e+03 9.1063e-01
 8.6767e+03 9.1111e-01
 8.6813e+03 9.1187e-01
 8.6860e+03 9.1334e-01
 8.6907e+03 9.1479e-01
 8.6953e+03 9.1626e-01
 8.7000e+03 9.1774e-01
 8.7047e+03 9.1920e-01
 8.7093e+03 9.2068e-01
 8.7140e+03 9.2216e-01
 8.7187e+03 9.2363e-01
 8.7233e+03 9.2511e-01
 8.7280e+03 9.2660e-01
 8.7327e+03 9.2808e-01
 8.7373e+03 9.2957e-01
 8.7420e+03 9.3106e-01
 8.7467e+03 9.3255e-01
 8.7513e+03 9.3404e-01
 8.7560e+03 9.3555e-01
 8.7607e+03 9.3699e-01
 8.7653e+03 9.3812e-01
 8.7700e+03 9.3925e-01
 8.7747e+03 9.4038e-01
 8.7793e+03 9.4150e-01
 8.7840e+03 9.4264e-01
 8.7887e+03 9.4376e-01
 8.7933e+03 9.4490e-01
 8.7980e+03 9.4604e-01
 8.8027e+03 9.4717e-01
 8.8073e+03 9.4831e-01
 8.8120e+03 9.4945e-01
 8.8167e+03 9.5058e-01
 8.8213e+03 9.5173e-01
 8.8260e+03 9.5288e-01
 8.8307e+03 9.5401e-01
 8.8353e+03 9.5516e-01
 8.8400e+03 9.5632e-01
 8.8447e+03 9.5579e-01
 8.8493e+03 9.5527e-01
 8.8540e+03 9.5475e-01
 8.8587e+03 9.5423e-01
 8.8633e+03 9.5371e-01
 8.8680e+03 9.5319e-01
 8.8727e+03 9.5266e-01
 8.8773e+03 9.5215e-01
 8.8820e+03 9.5163e-01
 8.8867e+03 9.5110e-01
 8.8913e+03 9.5059e-01
 8.8960e+03 9.5007e-01
 8.9007e+03 9.4955e-01
 8.9053e+03 9.4904e-01
 8.9100e+03 9.4851e-01
 8.9147e+03 9.4800e-01
 8.9193e+03 9.4749e-01
 8.9240e+03 9.4811e-01
 8.9287e+03 9.4893e-01
 8.9333e+03 9.4976e-01
 8.9380e+03 9.5058e-01
 8.9427e+03 9.5141e-01
 8.9473e+03 9.5223e-01
 8.9520e+03 9.5306e-01
 8.9567e+03 9.5389e-01
 8.9613e+03 9.5471e-01
 8.9660e+03 9.5553e-01
 8.9707e+03 9.5637e-01
 8.9753e+03 9.5720e-01
 8.9800e+03 9.5802e-01
 8.9847e+03 9.5886e-01
 8.9893e+03 9.5969e-01
 8.9940e+03 9.6053e-01
 8.9987e+03 9.6136e-01
 9.0033e+03 9.6122e-01
 9.0080e+03 9.6070e-01
 9.0127e+03 9.6018e-01
 9.0173e+03 9.5966e-01
 9.0220e+03 9.5914e-01
 9.0267e+03 9.5862e-01
 9.0313e+03 9.5810e-01
 9.0360e+03 9.5757e-01
 9.0407e+03 9.5706e-01
 9.0453e+03 9.5654e-01
 9.0500e+03 9.5602e-01
 9.0547e+03 9.5550e-01
 9.0593e+03 9.5498e-01
 9.0640e+03 9.5446e-01
 9.0687e+03 9.5395e-01
 9.0733e+03 9.5342e-01
 9.0780e+03 9.5291e-01
 9.0827e+03 9.5276e-01
 9.0873e+03 9.5288e-01
 9.0920e+03 9.5301e-01
 9.0967e+03 9.5312e-01
 9.1013e+03 9.5324e-01
 9.1060e+03 9.5337e-01
 9.1107e+03 9.5349e-01
 9.1153e+03 9.5361e-01
 9.1200e+03 9.5373e-01
 9.1247e+03 9.5386e-01
 9.1293e+03 9.5398e-01
 9.1340e+03 9.5410e-01
 9.1387e+03 9.5423e-01
 9.1433e+03 9.5434e-01
 9.1480e+03 9.5447e-01
 9.1527e+03 9.5460e-01
 9.1573e+03 9.5472e-01
 9.1620e+03 9.5418e-01
 9.1667e+03 9.5277e-01
 9.1713e+03 9.5136e-01
 9.1760e+03 9.4995e-01
 9.1807e+03 9.4855e-01
 9.1853e+03 9.4714e-01
 9.1900e+03 9.4574e-01
 9.1947e+03 9.4434e-01
 9.1993e+03 9.4294e-01
 9.2040e+03 9.4154e-01
 9.2087e+03 9.4015e-01
 9.2133e+03 9.3876e-01
 9.2180e+03 9.3737e-01
 9.2227e+03 9.3597e-01
 9.2273e+03 9.3459e-01
 9.2320e+03 9.3321e-01
 9.2367e+03 9.3183e-01
 9.2413e+03 9.3131e-01
 9.2460e+03 9.3292e-01
 9.2507e+03 9.3456e-01
 9.2553e+03 9.3618e-01
 9.2600e+03 9.3782e-01
 9.2647e+03 9.3945e-01
 9.2693e+03 9.4109e-01
 9.2740e+03 9.4273e-01
 9.2787e+03 9.4438e-01
 9.2833e+03 9.4602e-01
 9.2880e+03 9.4767e-01
 9.2927e+03 9.4933e-01
 9.2973e+03 9.5099e-01
 9.3020e+03 9.5264e-01
 9.3067e+03 9.5430e-01
 9.3113e+03 9.5597e-01
 9.3160e+03 9.5764e-01
 9.3207e+03 9.5842e-01
 9.3253e+03 9.5385e-01
 9.3300e+03 9.4932e-01
 9.3347e+03 9.4479e-01
 9.3393e+03 9.4030e-01
 9.3440e+03 9.3582e-01
 9.3487e+03 9.3137e-01
 9.3533e+03 9.2693e-01
 9.3580e+03 9.2252e-01
 9.3627e+03 9.1813e-01
 9.3673e+03 9.1376e-01
 9.3720e+03 9.0941e-01
 9.3767e+03 9.0508e-01
 9.3813e+03 9.0078e-01
 9.3860e+03 8.9649e-01
 9.3907e+03 8.9223e-01
 9.3953e+03 8.8798e-01
 9.4000e+03 8.8375e-01
 9.4047e+03 8.8339e-01
 9.4093e+03 8.8303e-01
 9.4140e+03 8.8268e-01
 9.4187e+03 8.8231e-01
 9.4233e+03 8.8196e-01
 9.4280e+03 8.8160e-01
 9.4327e+03 8.8124e-01
 9.4373e+03 8.8088e-01
 9.4420e+03 8.8053e-01
 9.4467e+03 8.8017e-01
 9.4513e+03 8.7981e-01
 9.4560e+03 8.7946e-01
 9.4607e+03 8.7910e-01
 9.4653e+03 8.7874e-01
 9.4700e+03 8.7839e-01
 9.4747e+03 8.7804e-01
 9.4793e+03 8.7767e-01
 9.4840e+03 8.7995e-01
 9.4887e+03 8.8267e-01
 9.4933e+03 8.8540e-01
 9.4980e+03 8.8813e-01
 9.5027e+03 8.9089e-01
 9.5073e+03 8.9363e-01
 9.5120e+03 8.9640e-01
 9.5167e+03 8.9917e-01
 9.5213e+03 9.0195e-01
 9.5260e+03 9.0474e-01
 9.5307e+03 9.0754e-01
 9.5353e+03 9.1035e-01
 9.5400e+03 9.1316e-01
 9.5447e+03 9.1599e-01
 9.5493e+03 9.1882e-01
 9.5540e+03 9.2166e-01
 9.5587e+03 9.2451e-01
 9.5633e+03 9.2355e-01
 9.5680e+03 9.2107e-01
 9.5727e+03 9.1860e-01
 9.5773e+03 9.1613e-01
 9.5820e+03 9.1368e-01
 9.5867e+03 9.1122e-01
 9.5913e+03 9.0878e-01
 9.5960e+03 9.0634e-01
 9.6007e+03 9.0391e-01
 9.6053e+03 9.0149e-01
 9.6100e+03 8.9907e-01
 9.6147e+03 8.9665e-01
 9.6193e+03 8.9424e-01
 9.6240e+03 8.9185e-01
 9.6287e+03 8.8945e-01
 9.6333e+03 8.8707e-01
 9.6380e+03 8.8468e-01
 9.6427e+03 8.8333e-01
 9.6473e+03 8.8273e-01
 9.6520e+03 8.8214e-01
 9.6567e+03 8.8155e-01
 9.6613e+03 8.8096e-01
 9.6660e+03 8.8037e-01
 9.6707e+03 8.7977e-01
 9.6753e+03 8.7918e-01
 9.6800e+03 8.7859e-01
 9.6847e+03 8.7800e-01
 9.6893e+03 8.7742e-01
 9.6940e+03 8.7682e-01
 9.6987e+03 8.7624e-01
 9.7033e+03 8.7564e-01
 9.7080e+03 8.7506e-01
 9.7127e+03 8.7447e-01
 9.7173e+03 8.7388e-01
 9.7220e+03 8.7408e-01
 9.7267e+03 8.7531e-01
 9.7313e+03 8.7654e-01
 9.7360e+03 8.7779e-01
 9.7407e+03 8.7902e-01
 9.7453e+03 8.8026e-01
 9.7500e+03 8.8150e-01
 9.7547e+03 8.8275e-01
 9.7593e+03 8.8400e-01
 9.7640e+03 8.8524e-01
 9.7687e+03 8.8650e-01
 9.7733e+03 8.8775e-01
 9.7780e+03 8.8900e-01
 9.7827e+03 8.9026e-01
 9.7873e+03 8.9151e-01
 9.7920e+03 8.9277e-01
 9.7967e+03 8.9403e-01
 9.8013e+03 8.9507e-01
 9.8060e+03 8.9555e-01
 9.8107e+03 8.9603e-01
 9.8153e+03 8.9651e-01
 9.8200e+03 8.9700e-01
 9.8247e+03 8.9748e-01
 9.8293e+03 8.9797e-01
 9.8340e+03 8.9845e-01
 9.8387e+03 8.9894e-01
 9.8433e+03 8.9942e-01
 9.8480e+03 8.9990e-01
 9.8527e+03 9.0038e-01
 9.8573e+03 9.0086e-01
 9.8620e+03 9.0135e-01
 9.8667e+03 9.0184e-01
 9.8713e+03 9.0232e-01
 9.8760e+03 9.0281e-01
 9.8807e+03 9.0325e-01
 9.8853e+03 9.0344e-01
 9.8900e+03 9.0362e-01
 9.8947e+03 9.0380e-01
 9.8993e+03 9.0399e-01
 9.9040e+03 9.0416e-01
 9.9087e+03 9.0435e-01
 9.9133e+03 9.0453e-01
 9.9180e+03 9.0472e-01
 9.9227e+03 9.0491e-01
 9.9273e+03 9.0509e-01
 9.9320e+03 9.0527e-01
 9.9367e+03 9.0546e-01
 9.9413e+03 9.0564e-01
 9.9460e+03 9.0583e-01
 9.9507e+03 9.0600e-01
 9.9553e+03 9.0619e-01
 9.9600e+03 9.0637e-01
 9.9647e+03 9.0747e-01
 9.9693e+03 9.0857e-01
 9.9740e+03 9.0968e-01
 9.9787e+03 9.1078e-01
 9.9833e+03 9.1187e-01
 9.9880e+03 9.1298e-01
 9.9927e+03 9.1408e-01
 9.9973e+03 9.1520e-01
 1.0002e+04 9.1630e-01
 1.0007e+04 9.1741e-01
 1.0011e+04 9.1852e-01
 1.0016e+04 9.1963e-01
 1.0021e+04 9.2075e-01
 1.0025e+04 9.2186e-01
 1.0030e+04 9.2299e-01
 1.0035e+04 9.2410e-01
 1.0039e+04 9.2522e-01
 1.0044e+04 9.2479e-01
 1.0049e+04 9.2411e-01
 1.0053e+04 9.2343e-01
 1.0058e+04 9.2276e-01
 1.0063e+04 9.2208e-01
 1.0067e+04 9.2140e-01
 1.0072e+04 9.2072e-01
 1.0077e+04 9.2004e-01
 1.0081e+04 9.1936e-01
 1.0086e+04 9.1868e-01
 1.0091e+04 9.1801e-01
 1.0095e+04 9.1733e-01
 1.0100e+04 9.1666e-01
 1.0105e+04 9.1599e-01
 1.0109e+04 9.1531e-01
 1.0114e+04 9.1464e-01
 1.0119e+04 9.1397e-01
 1.0123e+04 9.1417e-01
 1.0128e+04 9.1472e-01
 1.0133e+04 9.1528e-01
 1.0137e+04 9.1583e-01
 1.0142e+04 9.1640e-01
 1.0147e+04 9.1695e-01
 1.0151e+04 9.1750e-01
 1.0156e+04 9.1807e-01
 1.0161e+04 9.1863e-01
 1.0165e+04 9.1918e-01
 1.0170e+04 9.1973e-01
 1.0175e+04 9.2030e-01
 1.0179e+04 9.2085e-01
 1.0184e+04 9.2142e-01
 1.0189e+04 9.2198e-01
 1.0193e+04 9.2253e-01
 1.0198e+04 9.2311e-01
 1.0203e+04 9.2356e-01
 1.0207e+04 9.2392e-01
 1.0212e+04 9.2430e-01
 1.0217e+04 9.2468e-01
 1.0221e+04 9.2505e-01
 1.0226e+04 9.2543e-01
 1.0231e+04 9.2582e-01
 1.0235e+04 9.2618e-01
 1.0240e+04 9.2656e-01
 1.0245e+04 9.2694e-01
 1.0249e+04 9.2731e-01
 1.0254e+04 9.2769e-01
 1.0259e+04 9.2807e-01
 1.0263e+04 9.2844e-01
 1.0268e+04 9.2883e-01
 1.0273e+04 9.2921e-01
 1.0277e+04 9.2958e-01
 1.0282e+04 9.2947e-01
 1.0287e+04 9.2873e-01
 1.0291e+04 9.2798e-01
 1.0296e+04 9.2724e-01
 1.0301e+04 9.2651e-01
 1.0305e+04 9.2575e-01
 1.0310e+04 9.2502e-01
 1.0315e+04 9.2428e-01
 1.0319e+04 9.2353e-01
 1.0324e+04 9.2279e-01
 1.0329e+04 9.2206e-01
 1.0333e+04 9.2131e-01
 1.0338e+04 9.2058e-01
 1.0343e+04 9.1985e-01
 1.0347e+04 9.1910e-01
 1.0352e+04 9.1836e-01
 1.0357e+04 9.1763e-01
 1.0361e+04 9.1731e-01
 1.0366e+04 9.1806e-01
 1.0371e+04 9.1881e-01
 1.0375e+04 9.1955e-01
 1.0380e+04 9.2030e-01
 1.0385e+04 9.2105e-01
 1.0389e+04 9.2179e-01
 1.0394e+04 9.2254e-01
 1.0399e+04 9.2329e-01
 1.0403e+04 9.2403e-01
 1.0408e+04 9.2479e-01
 1.0413e+04 9.2554e-01
 1.0417e+04 9.2628e-01
 1.0422e+04 9.2703e-01
 1.0427e+04 9.2779e-01
 1.0431e+04 9.2854e-01
 1.0436e+04 9.2930e-01
 1.0441e+04 9.2988e-01
 1.0445e+04 9.2938e-01
 1.0450e+04 9.2888e-01
 1.0455e+04 9.2839e-01
 1.0459e+04 9.2788e-01
 1.0464e+04 9.2739e-01
 1.0469e+04 9.2691e-01
 1.0473e+04 9.2641e-01
 1.0478e+04 9.2592e-01
 1.0483e+04 9.2543e-01
 1.0487e+04 9.2493e-01
 1.0492e+04 9.2444e-01
 1.0497e+04 9.2395e-01
 1.0501e+04 9.2345e-01
 1.0506e+04 9.2297e-01
 1.0511e+04 9.2248e-01
 1.0515e+04 9.2198e-01
 1.0520e+04 9.2150e-01
 1.0525e+04 9.2070e-01
 1.0529e+04 9.1989e-01
 1.0534e+04 9.1910e-01
 1.0539e+04 9.1831e-01
 1.0543e+04 9.1751e-01
 1.0548e+04 9.1671e-01
 1.0553e+04 9.1592e-01
 1.0557e+04 9.1512e-01
 1.0562e+04 9.1433e-01
 1.0567e+04 9.1354e-01
 1.0571e+04 9.1274e-01
 1.0576e+04 9.1196e-01
 1.0581e+04 9.1117e-01
 1.0585e+04 9.1037e-01
 1.0590e+04 9.0958e-01
 1.0595e+04 9.0880e-01
 1.0599e+04 9.0800e-01
 1.0604e+04 9.0743e-01
 1.0609e+04 9.0690e-01
 1.0613e+04 9.0635e-01
 1.0618e+04 9.0581e-01
 1.0623e+04 9.0527e-01
 1.0627e+04 9.0472e-01
 1.0632e+04 9.0418e-01
 1.0637e+04 9.0365e-01
 1.0641e+04 9.0310e-01
 1.0646e+04 9.0257e-01
 1.0651e+04 9.0203e-01
 1.0655e+04 9.0147e-01
 1.0660e+04 9.0094e-01
 1.0665e+04 9.0041e-01
 1.0669e+04 8.9986e-01
 1.0674e+04 8.9933e-01
 1.0679e+04 8.9879e-01
 1.0683e+04 8.9907e-01
 1.0688e+04 8.9968e-01
 1.0693e+04 9.0030e-01
 1.0697e+04 9.0090e-01
 1.0702e+04 9.0152e-01
 1.0707e+04 9.0213e-01
 1.0711e+04 9.0274e-01
 1.0716e+04 9.0335e-01
 1.0721e+04 9.0397e-01
 1.0725e+04 9.0458e-01
 1.0730e+04 9.0520e-01
 1.0735e+04 9.0581e-01
 1.0739e+04 9.0642e-01
 1.0744e+04 9.0703e-01
 1.0749e+04 9.0765e-01
 1.0753e+04 9.0827e-01
 1.0758e+04 9.0889e-01
 1.0763e+04 9.0896e-01
 1.0767e+04 9.0859e-01
 1.0772e+04 9.0824e-01
 1.0777e+04 9.0790e-01
 1.0781e+04 9.0754e-01
 1.0786e+04 9.0720e-01
 1.0791e+04 9.0685e-01
 1.0795e+04 9.0649e-01
 1.0800e+04 9.0614e-01
 1.0805e+04 9.0581e-01
 1.0809e+04 9.0544e-01
 1.0814e+04 9.0510e-01
 1.0819e+04 9.0476e-01
 1.0823e+04 9.0441e-01
 1.0828e+04 9.0406e-01
 1.0833e+04 9.0371e-01
 1.0837e+04 9.0336e-01
 1.0842e+04 9.0313e-01
 1.0847e+04 9.0308e-01
 1.0851e+04 9.0301e-01
 1.0856e+04 9.0296e-01
 1.0861e+04 9.0290e-01
 1.0865e+04 9.0283e-01
 1.0870e+04 9.0278e-01
 1.0875e+04 9.0272e-01
 1.0879e+04 9.0265e-01
 1.0884e+04 9.0260e-01
 1.0889e+04 9.0254e-01
 1.0893e+04 9.0247e-01
 1.0898e+04 9.0242e-01
 1.0903e+04 9.0237e-01
 1.0907e+04 9.0230e-01
 1.0912e+04 9.0225e-01
 1.0917e+04 9.0218e-01
 1.0921e+04 9.0212e-01
 1.0926e+04 9.0206e-01
 1.0931e+04 9.0201e-01
 1.0935e+04 9.0194e-01
 1.0940e+04 9.0189e-01
 1.0945e+04 9.0183e-01
 1.0949e+04 9.0176e-01
 1.0954e+04 9.0171e-01
 1.0959e+04 9.0165e-01
 1.0963e+04 9.0158e-01
 1.0968e+04 9.0152e-01
 1.0973e+04 9.0147e-01
 1.0977e+04 9.0140e-01
 1.0982e+04 9.0135e-01
 1.0987e+04 9.0130e-01
 1.0991e+04 9.0123e-01
 1.0996e+04 9.0117e-01
 1.1001e+04 9.0112e-01
 1.1005e+04 9.0105e-01
 1.1010e+04 9.0100e-01
 1.1015e+04 9.0094e-01
 1.1019e+04 9.0088e-01
 1.1024e+04 9.0081e-01
 1.1029e+04 9.0076e-01
 1.1033e+04 9.0070e-01
 1.1038e+04 9.0065e-01
 1.1043e+04 9.0059e-01
 1.1047e+04 9.0053e-01
 1.1052e+04 9.0046e-01
 1.1057e+04 9.0041e-01
 1.1061e+04 9.0035e-01
 1.1066e+04 9.0030e-01
 1.1071e+04 9.0024e-01
 1.1075e+04 9.0018e-01
 1.1080e+04 9.0012e-01
 1.1085e+04 9.0006e-01
 1.1089e+04 9.0000e-01
 1.1094e+04 8.9994e-01
 1.1099e+04 8.9988e-01
 1.1103e+04 8.9982e-01
 1.1108e+04 8.9977e-01
 1.1113e+04 8.9971e-01
 1.1117e+04 8.9965e-01
 1.1122e+04 8.9960e-01
 1.1127e+04 8.9953e-01
 1.1131e+04 8.9947e-01
 1.1136e+04 8.9941e-01
 1.1141e+04 8.9936e-01
 1.1145e+04 8.9930e-01
 1.1150e+04 8.9924e-01
 1.1155e+04 8.9919e-01
 1.1159e+04 8.9912e-01
 1.1164e+04 8.9907e-01
 1.1169e+04 8.9901e-01
 1.1173e+04 8.9895e-01
 1.1178e+04 8.9889e-01
 1.1183e+04 8.9884e-01
 1.1187e+04 8.9877e-01
 1.1192e+04 8.9872e-01
 1.1197e+04 8.9867e-01
 1.1201e+04 8.9860e-01
 1.1206e+04 8.9854e-01
 1.1211e+04 8.9849e-01
 1.1215e+04 8.9843e-01
 1.1220e+04 8.9837e-01
 1.1225e+04 8.9832e-01
 1.1229e+04 8.9826e-01
 1.1234e+04 8.9820e-01
 1.1239e+04 8.9814e-01
 1.1243e+04 8.9808e-01
 1.1248e+04 8.9803e-01
 1.1253e+04 8.9797e-01
 1.1257e+04 8.9791e-01
 1.1262e+04 8.9786e-01
 1.1267e+04 8.9780e-01
 1.1271e+04 8.9774e-01
 1.1276e+04 8.9769e-01
 1.1281e+04 8.9763e-01
 1.1285e+04 8.9756e-01
 1.1290e+04 8.9751e-01
 1.1295e+04 8.9746e-01
 1.1299e+04 8.9739e-01
 1.1304e+04 8.9734e-01
 1.1309e+04 8.9728e-01
 1.1313e+04 8.9722e-01
 1.1318e+04 8.9717e-01
 1.1323e+04 8.9711e-01
 1.1327e+04 8.9705e-01
 1.1332e+04 8.9699e-01
 1.1337e+04 8.9694e-01
 1.1341e+04 8.9688e-01
 1.1346e+04 8.9683e-01
 1.1351e+04 8.9677e-01
 1.1355e+04 8.9671e-01
 1.1360e+04 8.9666e-01
 1.1365e+04 8.9661e-01
 1.1369e+04 8.9654e-01
 1.1374e+04 8.9648e-01
 1.1379e+04 8.9643e-01
 1.1383e+04 8.9637e-01
 1.1388e+04 8.9632e-01
 1.1393e+04 8.9627e-01
 1.1397e+04 8.9620e-01
 1.1402e+04 8.9615e-01
 1.1407e+04 8.9609e-01
 1.1411e+04 8.9603e-01
 1.1416e+04 8.9598e-01
 1.1421e+04 8.9592e-01
 1.1425e+04 8.9586e-01
 1.1430e+04 8.9581e-01
 1.1435e+04 8.9575e-01
 1.1439e+04 8.9569e-01
 1.1444e+04 8.9563e-01
 1.1449e+04 8.9558e-01
 1.1453e+04 8.9552e-01
 1.1458e+04 8.9547e-01
 1.1463e+04 8.9542e-01
 1.1467e+04 8.9535e-01
 1.1472e+04 8.9530e-01
 1.1477e+04 8.9524e-01
 1.1481e+04 8.9519e-01
 1.1486e+04 8.9513e-01
 1.1491e+04 8.9508e-01
 1.1495e+04 8.9501e-01
 1.1500e+04 8.9496e-01
 1.1505e+04 8.9491e-01
 1.1509e+04 8.9485e-01
 1.1514e+04 8.9479e-01
 1.1519e+04 8.9474e-01
 1.1523e+04 8.9468e-01
 1.1528e+04 8.9463e-01
 1.1533e+04 8.9458e-01
 1.1537e+04 8.9452e-01
 1.1542e+04 8.9446e-01
 1.1547e+04 8.9441e-01
 1.1551e+04 8.9435e-01
 1.1556e+04 8.9430e-01
 1.1561e+04 8.9424e-01
 1.1565e+04 8.9417e-01
 1.1570e+04 8.9413e-01
 1.1575e+04 8.9407e-01
 1.1579e+04 8.9401e-01
 1.1584e+04 8.9395e-01
 1.1589e+04 8.9391e-01
 1.1593e+04 8.9384e-01
 1.1598e+04 8.9380e-01
 1.1603e+04 8.9374e-01
 1.1607e+04 8.9367e-01
 1.1612e+04 8.9362e-01
 1.1617e+04 8.9358e-01
 1.1621e+04 8.9351e-01
 1.1626e+04 8.9345e-01
 1.1631e+04 8.9340e-01
 1.1635e+04 8.9334e-01
 1.1640e+04 8.9329e-01
 1.1645e+04 8.9324e-01
 1.1649e+04 8.9318e-01
 1.1654e+04 8.9313e-01
 1.1659e+04 8.9307e-01
 1.1663e+04 8.9302e-01
 1.1668e+04 8.9297e-01
 1.1673e+04 8.9291e-01
 1.1677e+04 8.9285e-01
 1.1682e+04 8.9280e-01
 1.1687e+04 8.9275e-01
 1.1691e+04 8.9268e-01
 1.1696e+04 8.9263e-01
 1.1701e+04 8.9258e-01
 1.1705e+04 8.9252e-01
 1.1710e+04 8.9247e-01
 1.1715e+04 8.9242e-01
 1.1719e+04 8.9235e-01
 1.1724e+04 8.9230e-01
 1.1729e+04 8.9225e-01
 1.1733e+04 8.9219e-01
 1.1738e+04 8.9213e-01
 1.1743e+04 8.9208e-01
 1.1747e+04 8.9203e-01
 1.1752e+04 8.9198e-01
 1.1757e+04 8.9192e-01
 1.1761e+04 8.9186e-01
 1.1766e+04 8.9181e-01
 1.1771e+04 8.9176e-01
 1.1775e+04 8.9170e-01
 1.1780e+04 8.9165e-01
 1.1785e+04 8.9159e-01
 1.1789e+04 8.9154e-01
 1.1794e+04 8.9148e-01
 1.1799e+04 8.9143e-01
 1.1803e+04 8.9137e-01
 1.1808e+04 8.9132e-01
 1.1813e+04 8.9127e-01
 1.1817e+04 8.9121e-01
 1.1822e+04 8.9116e-01
 1.1827e+04 8.9110e-01
 1.1831e+04 8.9105e-01
 1.1836e+04 8.9100e-01
 1.1841e+04 8.9094e-01
 1.1845e+04 8.9089e-01
 1.1850e+04 8.9083e-01
 1.1855e+04 8.9079e-01
 1.1859e+04 8.9072e-01
 1.1864e+04 8.9067e-01
 1.1869e+04 8.9062e-01
 1.1873e+04 8.9056e-01
 1.1878e+04 8.9052e-01
 1.1883e+04 8.9046e-01
 1.1887e+04 8.9040e-01
 1.1892e+04 8.9035e-01
 1.1897e+04 8.9030e-01
 1.1901e+04 8.9024e-01
 1.1906e+04 8.9018e-01
 1.1911e+04 8.9013e-01
 1.1915e+04 8.9008e-01
 1.1920e+04 8.9002e-01
 1.1925e+04 8.8997e-01
 1.1929e+04 8.8991e-01
 1.1934e+04 8.8986e-01
 1.1939e+04 8.8981e-01
 1.1943e+04 8.8975e-01
 1.1948e+04 8.8969e-01
 1.1953e+04 8.8965e-01
 1.1957e+04 8.8959e-01
 1.1962e+04 8.8954e-01
 1.1967e+04 8.8948e-01
 1.1971e+04 8.8943e-01
 1.1976e+04 8.8938e-01
 1.1981e+04 8.8933e-01
 1.1985e+04 8.8927e-01
 1.1990e+04 8.8922e-01
 1.1995e+04 8.8917e-01
 1.1999e+04 8.8911e-01
