 1.2613e+03 3.7739e-01
 1.2660e+03 3.6821e-01
 1.2707e+03 3.5893e-01
 1.2753e+03 3.4975e-01
 1.2800e+03 3.4057e-01
 1.2847e+03 3.3139e-01
 1.2893e+03 3.2214e-01
 1.2940e+03 3.1293e-01
 1.2987e+03 3.0375e-01
 1.3033e+03 2.9456e-01
 1.3080e+03 2.8535e-01
 1.3127e+03 2.7611e-01
 1.3173e+03 2.6692e-01
 1.3220e+03 2.6185e-01
 1.3267e+03 2.6224e-01
 1.3313e+03 2.6264e-01
 1.3360e+03 2.6304e-01
 1.3407e+03 2.6343e-01
 1.3453e+03 2.6382e-01
 1.3500e+03 2.6422e-01
 1.3547e+03 2.6462e-01
 1.3593e+03 2.6501e-01
 1.3640e+03 2.6541e-01
 1.3687e+03 2.6581e-01
 1.3733e+03 2.6620e-01
 1.3780e+03 2.6511e-01
 1.3827e+03 2.5880e-01
 1.3873e+03 2.5242e-01
 1.3920e+03 2.4603e-01
 1.3967e+03 2.3968e-01
 1.4013e+03 2.3332e-01
 1.4060e+03 2.2698e-01
 1.4107e+03 2.2056e-01
 1.4153e+03 2.1420e-01
 1.4200e+03 2.0786e-01
 1.4247e+03 2.0150e-01
 1.4293e+03 1.9776e-01
 1.4340e+03 2.0044e-01
 1.4387e+03 2.0315e-01
 1.4433e+03 2.0587e-01
 1.4480e+03 2.0860e-01
 1.4527e+03 2.1132e-01
 1.4573e+03 2.1404e-01
 1.4620e+03 2.1675e-01
 1.4667e+03 2.1947e-01
 1.4713e+03 2.2221e-01
 1.4760e+03 2.2492e-01
 1.4807e+03 2.2763e-01
 1.4853e+03 2.3035e-01
 1.4900e+03 2.2779e-01
 1.4947e+03 2.2436e-01
 1.4993e+03 2.2093e-01
 1.5040e+03 2.1750e-01
 1.5087e+03 2.1404e-01
 1.5133e+03 2.1061e-01
 1.5180e+03 2.0718e-01
 1.5227e+03 2.0375e-01
 1.5273e+03 2.0030e-01
 1.5320e+03 1.9686e-01
 1.5367e+03 1.9343e-01
 1.5413e+03 1.9000e-01
 1.5460e+03 1.8656e-01
 1.5507e+03 1.8313e-01
 1.5553e+03 1.8013e-01
 1.5600e+03 1.7719e-01
 1.5647e+03 1.7425e-01
 1.5693e+03 1.7127e-01
 1.5740e+03 1.6833e-01
 1.5787e+03 1.6539e-01
 1.5833e+03 1.6245e-01
 1.5880e+03 1.5948e-01
 1.5927e+03 1.5653e-01
 1.5973e+03 1.5359e-01
 1.6020e+03 1.5270e-01
 1.6067e+03 1.5456e-01
 1.6113e+03 1.5643e-01
 1.6160e+03 1.5829e-01
 1.6207e+03 1.6015e-01
 1.6253e+03 1.6201e-01
 1.6300e+03 1.6388e-01
 1.6347e+03 1.6574e-01
 1.6393e+03 1.6760e-01
 1.6440e+03 1.6946e-01
 1.6487e+03 1.7133e-01
 1.6533e+03 1.7319e-01
 1.6580e+03 1.7365e-01
 1.6627e+03 1.7224e-01
 1.6673e+03 1.7083e-01
 1.6720e+03 1.6942e-01
 1.6767e+03 1.6801e-01
 1.6813e+03 1.6660e-01
 1.6860e+03 1.6520e-01
 1.6907e+03 1.6378e-01
 1.6953e+03 1.6237e-01
 1.7000e+03 1.6097e-01
 1.7047e+03 1.5956e-01
 1.7093e+03 1.6368e-01
 1.7140e+03 1.7326e-01
 1.7187e+03 1.8284e-01
 1.7233e+03 1.9241e-01
 1.7280e+03 2.0209e-01
 1.7327e+03 2.1167e-01
 1.7373e+03 2.2124e-01
 1.7420e+03 2.3083e-01
 1.7467e+03 2.4046e-01
 1.7513e+03 2.5008e-01
 1.7560e+03 2.5539e-01
 1.7607e+03 2.4597e-01
 1.7653e+03 2.3638e-01
 1.7700e+03 2.2674e-01
 1.7747e+03 2.1716e-01
 1.7793e+03 2.0760e-01
 1.7840e+03 1.9804e-01
 1.7887e+03 1.8836e-01
 1.7933e+03 1.7879e-01
 1.7980e+03 1.6923e-01
 1.8027e+03 1.5965e-01
 1.8073e+03 1.4999e-01
 1.8120e+03 1.4042e-01
 1.8167e+03 1.3084e-01
 1.8213e+03 1.2128e-01
 1.8260e+03 1.1665e-01
 1.8307e+03 1.1481e-01
 1.8353e+03 1.1297e-01
 1.8400e+03 1.1114e-01
 1.8447e+03 1.0930e-01
 1.8493e+03 1.0745e-01
 1.8540e+03 1.0562e-01
 1.8587e+03 1.0378e-01
 1.8633e+03 1.0195e-01
 1.8680e+03 1.0010e-01
 1.8727e+03 9.8262e-02
 1.8773e+03 9.6427e-02
 1.8820e+03 9.4594e-02
 1.8867e+03 9.2744e-02
 1.8913e+03 9.0906e-02
 1.8960e+03 8.9071e-02
 1.9007e+03 8.7237e-02
 1.9053e+03 8.5393e-02
 1.9100e+03 8.3549e-02
 1.9147e+03 8.1714e-02
 1.9193e+03 7.9880e-02
 1.9240e+03 7.8043e-02
 1.9287e+03 7.6192e-02
 1.9333e+03 7.4358e-02
 1.9380e+03 7.2524e-02
 1.9427e+03 7.0689e-02
 1.9473e+03 6.8836e-02
 1.9520e+03 6.7050e-02
 1.9567e+03 6.9373e-02
 1.9613e+03 7.2888e-02
 1.9660e+03 7.6429e-02
 1.9707e+03 7.9953e-02
 1.9753e+03 8.3468e-02
 1.9800e+03 8.6982e-02
 1.9847e+03 9.0511e-02
 1.9893e+03 9.4047e-02
 1.9940e+03 9.7563e-02
 1.9987e+03 1.0107e-01
 2.0033e+03 1.0459e-01
 2.0080e+03 1.0814e-01
 2.0127e+03 1.1165e-01
 2.0173e+03 1.1517e-01
 2.0220e+03 1.1868e-01
 2.0267e+03 1.2224e-01
 2.0313e+03 1.2575e-01
 2.0360e+03 1.2730e-01
 2.0407e+03 1.2621e-01
 2.0453e+03 1.2513e-01
 2.0500e+03 1.2404e-01
 2.0547e+03 1.2296e-01
 2.0593e+03 1.2188e-01
 2.0640e+03 1.2080e-01
 2.0687e+03 1.1971e-01
 2.0733e+03 1.1863e-01
 2.0780e+03 1.1755e-01
 2.0827e+03 1.1647e-01
 2.0873e+03 1.1538e-01
 2.0920e+03 1.1430e-01
 2.0967e+03 1.1322e-01
 2.1013e+03 1.1214e-01
 2.1060e+03 1.1105e-01
 2.1107e+03 1.0997e-01
 2.1153e+03 1.0889e-01
 2.1200e+03 1.0781e-01
 2.1247e+03 1.0672e-01
 2.1293e+03 1.0563e-01
 2.1340e+03 1.0462e-01
 2.1387e+03 1.0589e-01
 2.1433e+03 1.0723e-01
 2.1480e+03 1.0858e-01
 2.1527e+03 1.0991e-01
 2.1573e+03 1.1125e-01
 2.1620e+03 1.1259e-01
 2.1667e+03 1.1394e-01
 2.1713e+03 1.1527e-01
 2.1760e+03 1.1661e-01
 2.1807e+03 1.1795e-01
 2.1853e+03 1.1929e-01
 2.1900e+03 1.2063e-01
 2.1947e+03 1.2197e-01
 2.1993e+03 1.2331e-01
 2.2040e+03 1.2465e-01
 2.2087e+03 1.2599e-01
 2.2133e+03 1.2733e-01
 2.2180e+03 1.2869e-01
 2.2227e+03 1.3018e-01
 2.2273e+03 1.3167e-01
 2.2320e+03 1.3315e-01
 2.2367e+03 1.3463e-01
 2.2413e+03 1.3611e-01
 2.2460e+03 1.3761e-01
 2.2507e+03 1.3909e-01
 2.2553e+03 1.4057e-01
 2.2600e+03 1.4205e-01
 2.2647e+03 1.4354e-01
 2.2693e+03 1.4503e-01
 2.2740e+03 1.4651e-01
 2.2787e+03 1.4799e-01
 2.2833e+03 1.4948e-01
 2.2880e+03 1.5097e-01
 2.2927e+03 1.5245e-01
 2.2973e+03 1.5393e-01
 2.3020e+03 1.5541e-01
 2.3067e+03 1.5691e-01
 2.3113e+03 1.5839e-01
 2.3160e+03 1.5983e-01
 2.3207e+03 1.5885e-01
 2.3253e+03 1.5714e-01
 2.3300e+03 1.5544e-01
 2.3347e+03 1.5374e-01
 2.3393e+03 1.5203e-01
 2.3440e+03 1.5032e-01
 2.3487e+03 1.4861e-01
 2.3533e+03 1.4691e-01
 2.3580e+03 1.4521e-01
 2.3627e+03 1.4350e-01
 2.3673e+03 1.4180e-01
 2.3720e+03 1.4009e-01
 2.3767e+03 1.3839e-01
 2.3813e+03 1.3669e-01
 2.3860e+03 1.3497e-01
 2.3907e+03 1.3327e-01
 2.3953e+03 1.3157e-01
 2.4000e+03 1.2987e-01
 2.4047e+03 1.2815e-01
 2.4093e+03 1.2642e-01
 2.4140e+03 1.2348e-01
 2.4187e+03 1.2031e-01
 2.4233e+03 1.1711e-01
 2.4280e+03 1.1392e-01
 2.4327e+03 1.1075e-01
 2.4373e+03 1.0757e-01
 2.4420e+03 1.0439e-01
 2.4467e+03 9.9194e-02
 2.4513e+03 9.0513e-02
 2.4560e+03 8.1847e-02
 2.4607e+03 7.3172e-02
 2.4653e+03 6.4393e-02
 2.4700e+03 5.5731e-02
 2.4747e+03 4.7078e-02
 2.4793e+03 4.7008e-02
 2.4840e+03 5.0462e-02
 2.4887e+03 5.3885e-02
 2.4933e+03 5.7304e-02
 2.4980e+03 6.0726e-02
 2.5027e+03 6.4164e-02
 2.5073e+03 6.7329e-02
 2.5120e+03 6.8968e-02
 2.5167e+03 7.0474e-02
 2.5213e+03 7.1985e-02
 2.5260e+03 7.3505e-02
 2.5307e+03 7.5011e-02
 2.5353e+03 7.6518e-02
 2.5400e+03 7.8026e-02
 2.5447e+03 7.9678e-02
 2.5493e+03 8.1545e-02
 2.5540e+03 8.3412e-02
 2.5587e+03 8.5278e-02
 2.5633e+03 8.7160e-02
 2.5680e+03 8.9031e-02
 2.5727e+03 9.0897e-02
 2.5773e+03 9.2763e-02
 2.5820e+03 9.4641e-02
 2.5867e+03 9.6517e-02
 2.5913e+03 9.8383e-02
 2.5960e+03 1.0025e-01
 2.6007e+03 1.0212e-01
 2.6053e+03 1.0324e-01
 2.6100e+03 1.0011e-01
 2.6147e+03 9.6610e-02
 2.6193e+03 9.3116e-02
 2.6240e+03 8.9587e-02
 2.6287e+03 8.6090e-02
 2.6333e+03 8.6353e-02
 2.6380e+03 9.0368e-02
 2.6427e+03 9.4410e-02
 2.6473e+03 9.8434e-02
 2.6520e+03 1.0245e-01
 2.6567e+03 1.0646e-01
 2.6613e+03 1.1049e-01
 2.6660e+03 1.1041e-01
 2.6707e+03 1.0965e-01
 2.6753e+03 1.0888e-01
 2.6800e+03 1.0811e-01
 2.6847e+03 1.0734e-01
 2.6893e+03 1.0657e-01
 2.6940e+03 1.0546e-01
 2.6987e+03 1.0308e-01
 2.7033e+03 1.0067e-01
 2.7080e+03 9.8293e-02
 2.7127e+03 9.5910e-02
 2.7173e+03 9.3531e-02
 2.7220e+03 9.1134e-02
 2.7267e+03 8.9932e-02
 2.7313e+03 8.9614e-02
 2.7360e+03 8.9296e-02
 2.7407e+03 8.8976e-02
 2.7453e+03 8.8656e-02
 2.7500e+03 8.8337e-02
 2.7547e+03 8.8058e-02
 2.7593e+03 8.8425e-02
 2.7640e+03 8.8893e-02
 2.7687e+03 8.9356e-02
 2.7733e+03 8.9819e-02
 2.7780e+03 9.0282e-02
 2.7827e+03 9.0749e-02
 2.7873e+03 9.1213e-02
 2.7920e+03 9.1676e-02
 2.7967e+03 9.2139e-02
 2.8013e+03 9.2604e-02
 2.8060e+03 9.3070e-02
 2.8107e+03 9.3533e-02
 2.8153e+03 9.3996e-02
 2.8200e+03 9.4806e-02
 2.8247e+03 9.5814e-02
 2.8293e+03 9.6814e-02
 2.8340e+03 9.7816e-02
 2.8387e+03 9.8816e-02
 2.8433e+03 9.9827e-02
 2.8480e+03 1.0085e-01
 2.8527e+03 1.0228e-01
 2.8573e+03 1.0373e-01
 2.8620e+03 1.0519e-01
 2.8667e+03 1.0664e-01
 2.8713e+03 1.0809e-01
 2.8760e+03 1.0954e-01
 2.8807e+03 1.1255e-01
 2.8853e+03 1.1835e-01
 2.8900e+03 1.2413e-01
 2.8947e+03 1.2990e-01
 2.8993e+03 1.3569e-01
 2.9040e+03 1.4152e-01
 2.9087e+03 1.4729e-01
 2.9133e+03 1.5306e-01
 2.9180e+03 1.5885e-01
 2.9227e+03 1.6469e-01
 2.9273e+03 1.7046e-01
 2.9320e+03 1.7624e-01
 2.9367e+03 1.8202e-01
 2.9413e+03 1.8677e-01
 2.9460e+03 1.8565e-01
 2.9507e+03 1.8399e-01
 2.9553e+03 1.8235e-01
 2.9600e+03 1.8069e-01
 2.9647e+03 1.7871e-01
 2.9693e+03 1.7321e-01
 2.9740e+03 1.6709e-01
 2.9787e+03 1.6096e-01
 2.9833e+03 1.5478e-01
 2.9880e+03 1.4867e-01
 2.9927e+03 1.4254e-01
 2.9973e+03 1.3642e-01
 3.0020e+03 1.3025e-01
 3.0067e+03 1.2453e-01
 3.0113e+03 1.2322e-01
 3.0160e+03 1.2271e-01
 3.0207e+03 1.2219e-01
 3.0253e+03 1.2168e-01
 3.0300e+03 1.2117e-01
 3.0347e+03 1.2382e-01
 3.0393e+03 1.3226e-01
 3.0440e+03 1.4073e-01
 3.0487e+03 1.4913e-01
 3.0533e+03 1.5755e-01
 3.0580e+03 1.6597e-01
 3.0627e+03 1.7445e-01
 3.0673e+03 1.8431e-01
 3.0720e+03 1.9564e-01
 3.0767e+03 2.0695e-01
 3.0813e+03 2.1838e-01
 3.0860e+03 2.2447e-01
 3.0907e+03 2.2363e-01
 3.0953e+03 2.2279e-01
 3.1000e+03 2.2194e-01
 3.1047e+03 2.2110e-01
 3.1093e+03 2.2026e-01
 3.1140e+03 2.2048e-01
 3.1187e+03 2.2464e-01
 3.1233e+03 2.2883e-01
 3.1280e+03 2.3297e-01
 3.1327e+03 2.3712e-01
 3.1373e+03 2.4127e-01
 3.1420e+03 2.4546e-01
 3.1467e+03 2.4961e-01
 3.1513e+03 2.5376e-01
 3.1560e+03 2.5791e-01
 3.1607e+03 2.6210e-01
 3.1653e+03 2.6625e-01
 3.1700e+03 2.7040e-01
 3.1747e+03 2.7455e-01
 3.1793e+03 2.7873e-01
 3.1840e+03 2.8290e-01
 3.1887e+03 2.8705e-01
 3.1933e+03 2.9119e-01
 3.1980e+03 2.9535e-01
 3.2027e+03 2.9691e-01
 3.2073e+03 2.9649e-01
 3.2120e+03 2.9608e-01
 3.2167e+03 2.9566e-01
 3.2213e+03 2.9524e-01
 3.2260e+03 2.9483e-01
 3.2307e+03 2.9441e-01
 3.2353e+03 2.9399e-01
 3.2400e+03 2.9385e-01
 3.2447e+03 2.9846e-01
 3.2493e+03 3.0332e-01
 3.2540e+03 3.0818e-01
 3.2587e+03 3.1307e-01
 3.2633e+03 3.1795e-01
 3.2680e+03 3.2281e-01
 3.2727e+03 3.2767e-01
 3.2773e+03 3.3254e-01
 3.2820e+03 3.3476e-01
 3.2867e+03 3.3342e-01
 3.2913e+03 3.3207e-01
 3.2960e+03 3.3073e-01
 3.3007e+03 3.2937e-01
 3.3053e+03 3.2803e-01
 3.3100e+03 3.2669e-01
 3.3147e+03 3.2534e-01
 3.3193e+03 3.2398e-01
 3.3240e+03 3.2211e-01
 3.3287e+03 3.2015e-01
 3.3333e+03 3.1819e-01
 3.3380e+03 3.1623e-01
 3.3427e+03 3.1426e-01
 3.3473e+03 3.1230e-01
 3.3520e+03 3.1034e-01
 3.3567e+03 3.0838e-01
 3.3613e+03 3.0794e-01
 3.3660e+03 3.1128e-01
 3.3707e+03 3.1462e-01
 3.3753e+03 3.1796e-01
 3.3800e+03 3.2134e-01
 3.3847e+03 3.2468e-01
 3.3893e+03 3.2802e-01
 3.3940e+03 3.3136e-01
 3.3987e+03 3.3472e-01
 3.4033e+03 3.3484e-01
 3.4080e+03 3.3367e-01
 3.4127e+03 3.3251e-01
 3.4173e+03 3.3134e-01
 3.4220e+03 3.3017e-01
 3.4267e+03 3.2900e-01
 3.4313e+03 3.2784e-01
 3.4360e+03 3.2667e-01
 3.4407e+03 3.2597e-01
 3.4453e+03 3.2770e-01
 3.4500e+03 3.2948e-01
 3.4547e+03 3.3125e-01
 3.4593e+03 3.3304e-01
 3.4640e+03 3.3482e-01
 3.4687e+03 3.3659e-01
 3.4733e+03 3.3836e-01
 3.4780e+03 3.4015e-01
 3.4827e+03 3.4064e-01
 3.4873e+03 3.4018e-01
 3.4920e+03 3.3971e-01
 3.4967e+03 3.3925e-01
 3.5013e+03 3.3878e-01
 3.5060e+03 3.3831e-01
 3.5107e+03 3.3785e-01
 3.5153e+03 3.3739e-01
 3.5200e+03 3.3701e-01
 3.5247e+03 3.3829e-01
 3.5293e+03 3.3966e-01
 3.5340e+03 3.4102e-01
 3.5387e+03 3.4240e-01
 3.5433e+03 3.4377e-01
 3.5480e+03 3.4514e-01
 3.5527e+03 3.4650e-01
 3.5573e+03 3.4787e-01
 3.5620e+03 3.4607e-01
 3.5667e+03 3.4011e-01
 3.5713e+03 3.3414e-01
 3.5760e+03 3.2815e-01
 3.5807e+03 3.2213e-01
 3.5853e+03 3.1617e-01
 3.5900e+03 3.1020e-01
 3.5947e+03 3.0423e-01
 3.5993e+03 2.9857e-01
 3.6040e+03 3.0729e-01
 3.6087e+03 3.1881e-01
 3.6133e+03 3.3034e-01
 3.6180e+03 3.4197e-01
 3.6227e+03 3.5353e-01
 3.6273e+03 3.6505e-01
 3.6320e+03 3.7659e-01
 3.6367e+03 3.5804e-01
 3.6413e+03 3.9559e-01
 3.6460e+03 3.7958e-01
 3.6507e+03 3.6616e-01
 3.6553e+03 4.0694e-01
 3.6600e+03 4.4345e-01
 3.6647e+03 4.1933e-01
 3.6693e+03 4.1185e-01
 3.6740e+03 4.0718e-01
 3.6787e+03 3.6559e-01
 3.6833e+03 3.8152e-01
 3.6880e+03 3.7321e-01
 3.6927e+03 4.1282e-01
 3.6973e+03 4.4056e-01
 3.7020e+03 4.1384e-01
 3.7067e+03 3.8905e-01
 3.7113e+03 4.1837e-01
 3.7160e+03 4.0983e-01
 3.7207e+03 3.8569e-01
 3.7253e+03 4.5333e-01
 3.7300e+03 4.5000e-01
 3.7347e+03 3.5201e-01
 3.7393e+03 3.4193e-01
 3.7440e+03 3.4745e-01
 3.7487e+03 3.2120e-01
 3.7533e+03 3.6563e-01
 3.7580e+03 3.7158e-01
 3.7627e+03 3.7963e-01
 3.7673e+03 3.9114e-01
 3.7720e+03 4.1965e-01
 3.7767e+03 4.5919e-01
 3.7813e+03 4.5494e-01
 3.7860e+03 4.2459e-01
 3.7907e+03 3.9613e-01
 3.7953e+03 3.7986e-01
 3.8000e+03 3.9778e-01
 3.8047e+03 3.9871e-01
 3.8093e+03 4.0794e-01
 3.8140e+03 3.9310e-01
 3.8187e+03 3.4427e-01
 3.8233e+03 3.1380e-01
 3.8280e+03 3.0072e-01
 3.8327e+03 2.7870e-01
 3.8373e+03 2.6105e-01
 3.8420e+03 2.8540e-01
 3.8467e+03 3.4095e-01
 3.8513e+03 3.6123e-01
 3.8560e+03 3.4877e-01
 3.8607e+03 3.5082e-01
 3.8653e+03 3.5561e-01
 3.8700e+03 3.5290e-01
 3.8747e+03 3.6203e-01
 3.8793e+03 3.5526e-01
 3.8840e+03 3.5678e-01
 3.8887e+03 3.9224e-01
 3.8933e+03 4.3404e-01
 3.8980e+03 4.6255e-01
 3.9027e+03 4.4719e-01
 3.9073e+03 4.6012e-01
 3.9120e+03 4.7714e-01
 3.9167e+03 4.4405e-01
 3.9213e+03 4.1417e-01
 3.9260e+03 3.5788e-01
 3.9307e+03 2.6801e-01
 3.9353e+03 2.3415e-01
 3.9400e+03 3.2123e-01
 3.9447e+03 3.8465e-01
 3.9493e+03 4.5105e-01
 3.9540e+03 4.6991e-01
 3.9587e+03 4.3743e-01
 3.9633e+03 3.4842e-01
 3.9680e+03 2.8203e-01
 3.9727e+03 3.4196e-01
 3.9773e+03 4.8077e-01
 3.9820e+03 5.6758e-01
 3.9867e+03 6.1883e-01
 3.9913e+03 6.4841e-01
 3.9960e+03 6.5405e-01
 4.0007e+03 6.6375e-01
 4.0053e+03 6.6575e-01
 4.0100e+03 6.7413e-01
 4.0147e+03 6.9264e-01
 4.0193e+03 6.7894e-01
 4.0240e+03 6.9991e-01
 4.0287e+03 7.0101e-01
 4.0333e+03 6.4479e-01
 4.0380e+03 6.6141e-01
 4.0427e+03 6.7032e-01
 4.0473e+03 6.5034e-01
 4.0520e+03 6.7290e-01
 4.0567e+03 6.5330e-01
 4.0613e+03 6.6047e-01
 4.0660e+03 6.4942e-01
 4.0707e+03 6.6375e-01
 4.0753e+03 6.5036e-01
 4.0800e+03 6.6012e-01
 4.0847e+03 6.8121e-01
 4.0893e+03 7.2260e-01
 4.0940e+03 6.9606e-01
 4.0987e+03 6.3879e-01
 4.1033e+03 6.1781e-01
 4.1080e+03 6.5708e-01
 4.1127e+03 6.9540e-01
 4.1173e+03 7.0175e-01
 4.1220e+03 6.9702e-01
 4.1267e+03 6.8038e-01
 4.1313e+03 6.7256e-01
 4.1360e+03 6.6925e-01
 4.1407e+03 6.7101e-01
 4.1453e+03 6.5052e-01
 4.1500e+03 6.6805e-01
 4.1547e+03 6.5418e-01
 4.1593e+03 6.8534e-01
 4.1640e+03 7.1348e-01
 4.1687e+03 6.8602e-01
 4.1733e+03 6.7925e-01
 4.1780e+03 6.6917e-01
 4.1827e+03 6.7807e-01
 4.1873e+03 6.9914e-01
 4.1920e+03 6.8728e-01
 4.1967e+03 6.8244e-01
 4.2013e+03 6.6456e-01
 4.2060e+03 7.0119e-01
 4.2107e+03 7.1971e-01
 4.2153e+03 7.0944e-01
 4.2200e+03 7.3190e-01
 4.2247e+03 6.6363e-01
 4.2293e+03 6.5230e-01
 4.2340e+03 7.0212e-01
 4.2387e+03 6.9477e-01
 4.2433e+03 7.3844e-01
 4.2480e+03 7.2995e-01
 4.2527e+03 6.9113e-01
 4.2573e+03 6.8677e-01
 4.2620e+03 7.0104e-01
 4.2667e+03 7.3236e-01
 4.2713e+03 6.6054e-01
 4.2760e+03 6.6241e-01
 4.2807e+03 7.0842e-01
 4.2853e+03 6.9288e-01
 4.2900e+03 6.6338e-01
 4.2947e+03 6.4240e-01
 4.2993e+03 5.7506e-01
 4.3040e+03 5.4201e-01
 4.3087e+03 5.4227e-01
 4.3133e+03 6.4803e-01
 4.3180e+03 7.7433e-01
 4.3227e+03 7.5028e-01
 4.3273e+03 7.1886e-01
 4.3320e+03 7.8088e-01
 4.3367e+03 7.6726e-01
 4.3413e+03 7.2572e-01
 4.3460e+03 7.6307e-01
 4.3507e+03 7.8719e-01
 4.3553e+03 7.8956e-01
 4.3600e+03 8.3769e-01
 4.3647e+03 8.4343e-01
 4.3693e+03 8.1762e-01
 4.3740e+03 7.7748e-01
 4.3787e+03 7.4477e-01
 4.3833e+03 7.0367e-01
 4.3880e+03 7.2197e-01
 4.3927e+03 7.7324e-01
 4.3973e+03 7.9625e-01
 4.4020e+03 7.7701e-01
 4.4067e+03 7.5824e-01
 4.4113e+03 8.1295e-01
 4.4160e+03 8.3556e-01
 4.4207e+03 8.5218e-01
 4.4253e+03 8.6246e-01
 4.4300e+03 8.5163e-01
 4.4347e+03 8.4311e-01
 4.4393e+03 8.5830e-01
 4.4440e+03 8.7439e-01
 4.4487e+03 8.8822e-01
 4.4533e+03 8.6020e-01
 4.4580e+03 8.0963e-01
 4.4627e+03 8.3030e-01
 4.4673e+03 8.6862e-01
 4.4720e+03 9.0353e-01
 4.4767e+03 9.3753e-01
 4.4813e+03 9.2576e-01
 4.4860e+03 9.4494e-01
 4.4907e+03 9.3054e-01
 4.4953e+03 9.2013e-01
 4.5000e+03 9.4689e-01
 4.5047e+03 9.9175e-01
 4.5093e+03 9.8930e-01
 4.5140e+03 9.6117e-01
 4.5187e+03 9.5643e-01
 4.5233e+03 9.3808e-01
 4.5280e+03 8.7045e-01
 4.5327e+03 8.5753e-01
 4.5373e+03 9.0141e-01
 4.5420e+03 9.2941e-01
 4.5467e+03 9.2705e-01
 4.5513e+03 9.3502e-01
 4.5560e+03 9.5385e-01
 4.5607e+03 9.8995e-01
 4.5653e+03 9.6591e-01
 4.5700e+03 9.7325e-01
 4.5747e+03 9.8105e-01
 4.5793e+03 9.6468e-01
 4.5840e+03 9.3769e-01
 4.5887e+03 9.6654e-01
 4.5933e+03 9.5526e-01
 4.5980e+03 9.4989e-01
 4.6027e+03 9.5519e-01
 4.6073e+03 9.9506e-01
 4.6120e+03 1.0140e+00
 4.6167e+03 1.0202e+00
 4.6213e+03 1.0235e+00
 4.6260e+03 1.0061e+00
 4.6307e+03 9.9298e-01
 4.6353e+03 9.7796e-01
 4.6400e+03 9.5917e-01
 4.6447e+03 9.4087e-01
 4.6493e+03 9.3880e-01
 4.6540e+03 9.6473e-01
 4.6587e+03 9.6809e-01
 4.6633e+03 9.5771e-01
 4.6680e+03 9.1776e-01
 4.6727e+03 9.3725e-01
 4.6773e+03 9.5207e-01
 4.6820e+03 9.3896e-01
 4.6867e+03 9.4626e-01
 4.6913e+03 9.4720e-01
 4.6960e+03 9.5236e-01
 4.7007e+03 9.2885e-01
 4.7053e+03 9.2396e-01
 4.7100e+03 9.4244e-01
 4.7147e+03 9.6517e-01
 4.7193e+03 9.8498e-01
 4.7240e+03 9.9422e-01
 4.7287e+03 9.6488e-01
 4.7333e+03 9.4584e-01
 4.7380e+03 9.6749e-01
 4.7427e+03 1.0009e+00
 4.7473e+03 1.0052e+00
 4.7520e+03 9.8520e-01
 4.7567e+03 9.8173e-01
 4.7613e+03 9.6050e-01
 4.7660e+03 9.4226e-01
 4.7707e+03 9.5980e-01
 4.7753e+03 9.8977e-01
 4.7800e+03 9.8662e-01
 4.7847e+03 9.7795e-01
 4.7893e+03 9.7657e-01
 4.7940e+03 1.0045e+00
 4.7987e+03 1.0127e+00
 4.8033e+03 1.0031e+00
 4.8080e+03 9.8948e-01
 4.8127e+03 9.9514e-01
 4.8173e+03 1.0187e+00
 4.8220e+03 1.0031e+00
 4.8267e+03 9.7900e-01
 4.8313e+03 9.7297e-01
 4.8360e+03 9.6602e-01
 4.8407e+03 9.5620e-01
 4.8453e+03 9.5822e-01
 4.8500e+03 9.5324e-01
 4.8547e+03 9.1328e-01
 4.8593e+03 8.6860e-01
 4.8640e+03 8.3791e-01
 4.8687e+03 8.8587e-01
 4.8733e+03 8.9062e-01
 4.8780e+03 9.2835e-01
 4.8827e+03 9.3239e-01
 4.8873e+03 9.1292e-01
 4.8920e+03 9.3513e-01
 4.8967e+03 9.9408e-01
 4.9013e+03 9.9758e-01
 4.9060e+03 9.8358e-01
 4.9107e+03 9.6113e-01
 4.9153e+03 9.6068e-01
 4.9200e+03 9.2206e-01
 4.9247e+03 9.3565e-01
 4.9293e+03 9.8411e-01
 4.9340e+03 9.8931e-01
 4.9387e+03 9.5718e-01
 4.9433e+03 9.8513e-01
 4.9480e+03 1.0144e+00
 4.9527e+03 9.9889e-01
 4.9573e+03 9.7001e-01
 4.9620e+03 9.6327e-01
 4.9667e+03 9.6109e-01
 4.9713e+03 9.6658e-01
 4.9760e+03 9.5283e-01
 4.9807e+03 9.1423e-01
 4.9853e+03 9.0153e-01
 4.9900e+03 9.2846e-01
 4.9947e+03 9.3596e-01
 4.9993e+03 9.1767e-01
 5.0040e+03 9.1687e-01
 5.0087e+03 9.1793e-01
 5.0133e+03 8.7487e-01
 5.0180e+03 8.6084e-01
 5.0227e+03 8.7929e-01
 5.0273e+03 9.0687e-01
 5.0320e+03 9.1874e-01
 5.0367e+03 8.9635e-01
 5.0413e+03 8.8139e-01
 5.0460e+03 9.0213e-01
 5.0507e+03 9.1444e-01
 5.0553e+03 9.4095e-01
 5.0600e+03 9.4842e-01
 5.0647e+03 9.3883e-01
 5.0693e+03 9.1907e-01
 5.0740e+03 9.0046e-01
 5.0787e+03 8.7107e-01
 5.0833e+03 8.9061e-01
 5.0880e+03 9.1032e-01
 5.0927e+03 9.1340e-01
 5.0973e+03 9.0632e-01
 5.1020e+03 9.0312e-01
 5.1067e+03 9.0336e-01
 5.1113e+03 9.2393e-01
 5.1160e+03 9.3587e-01
 5.1207e+03 9.2073e-01
 5.1253e+03 8.9583e-01
 5.1300e+03 9.0779e-01
 5.1347e+03 9.1282e-01
 5.1393e+03 9.1140e-01
 5.1440e+03 8.9920e-01
 5.1487e+03 8.8620e-01
 5.1533e+03 8.8902e-01
 5.1580e+03 8.9289e-01
 5.1627e+03 8.5110e-01
 5.1673e+03 7.6701e-01
 5.1720e+03 7.5801e-01
 5.1767e+03 8.1278e-01
 5.1813e+03 8.1285e-01
 5.1860e+03 8.2066e-01
 5.1907e+03 8.7101e-01
 5.1953e+03 9.0028e-01
 5.2000e+03 9.2009e-01
 5.2047e+03 8.8846e-01
 5.2093e+03 8.8263e-01
 5.2140e+03 9.3460e-01
 5.2187e+03 9.5922e-01
 5.2233e+03 9.4250e-01
 5.2280e+03 9.3853e-01
 5.2327e+03 9.5696e-01
 5.2373e+03 9.9344e-01
 5.2420e+03 1.0037e+00
 5.2467e+03 9.8653e-01
 5.2513e+03 9.7938e-01
 5.2560e+03 9.6328e-01
 5.2607e+03 9.5300e-01
 5.2653e+03 9.0529e-01
 5.2700e+03 9.0593e-01
 5.2747e+03 9.4197e-01
 5.2793e+03 9.9521e-01
 5.2840e+03 1.0189e+00
 5.2887e+03 1.0532e+00
 5.2933e+03 1.0633e+00
 5.2980e+03 1.0289e+00
 5.3027e+03 1.0400e+00
 5.3073e+03 1.0733e+00
 5.3120e+03 1.0672e+00
 5.3167e+03 1.0448e+00
 5.3213e+03 1.0230e+00
 5.3260e+03 9.8806e-01
 5.3307e+03 9.9391e-01
 5.3353e+03 1.0200e+00
 5.3400e+03 1.0275e+00
 5.3447e+03 1.0182e+00
 5.3493e+03 1.0472e+00
 5.3540e+03 1.0590e+00
 5.3587e+03 1.0797e+00
 5.3633e+03 1.0622e+00
 5.3680e+03 1.0405e+00
 5.3727e+03 1.0429e+00
 5.3773e+03 1.0477e+00
 5.3820e+03 1.0510e+00
 5.3867e+03 1.0375e+00
 5.3913e+03 1.0243e+00
 5.3960e+03 9.8703e-01
 5.4007e+03 9.8814e-01
 5.4053e+03 9.8478e-01
 5.4100e+03 9.8641e-01
 5.4147e+03 1.0410e+00
 5.4193e+03 1.0428e+00
 5.4240e+03 1.0357e+00
 5.4287e+03 1.0226e+00
 5.4333e+03 1.0277e+00
 5.4380e+03 1.0604e+00
 5.4427e+03 1.0653e+00
 5.4473e+03 1.0409e+00
 5.4520e+03 1.0257e+00
 5.4567e+03 1.0181e+00
 5.4613e+03 1.0195e+00
 5.4660e+03 1.0311e+00
 5.4707e+03 1.0251e+00
 5.4753e+03 1.0039e+00
 5.4800e+03 9.9924e-01
 5.4847e+03 1.0207e+00
 5.4893e+03 1.0315e+00
 5.4940e+03 1.0470e+00
 5.4987e+03 1.0366e+00
 5.5033e+03 1.0375e+00
 5.5080e+03 1.0302e+00
 5.5127e+03 1.0293e+00
 5.5173e+03 1.0319e+00
 5.5220e+03 1.0519e+00
 5.5267e+03 1.0205e+00
 5.5313e+03 1.0198e+00
 5.5360e+03 1.0361e+00
 5.5407e+03 1.0433e+00
 5.5453e+03 1.0414e+00
 5.5500e+03 1.0439e+00
 5.5547e+03 1.0441e+00
 5.5593e+03 1.0441e+00
 5.5640e+03 1.0390e+00
 5.5687e+03 1.0346e+00
 5.5733e+03 1.0476e+00
 5.5780e+03 1.0475e+00
 5.5827e+03 1.0331e+00
 5.5873e+03 9.9666e-01
 5.5920e+03 1.0023e+00
 5.5967e+03 1.0180e+00
 5.6013e+03 1.0310e+00
 5.6060e+03 1.0457e+00
 5.6107e+03 1.0502e+00
 5.6153e+03 1.0290e+00
 5.6200e+03 1.0261e+00
 5.6247e+03 1.0322e+00
 5.6293e+03 1.0303e+00
 5.6340e+03 1.0378e+00
 5.6387e+03 1.0392e+00
 5.6433e+03 1.0470e+00
 5.6480e+03 1.0570e+00
 5.6527e+03 1.0456e+00
 5.6573e+03 1.0313e+00
 5.6620e+03 1.0251e+00
 5.6667e+03 1.0377e+00
 5.6713e+03 1.0505e+00
 5.6760e+03 1.0651e+00
 5.6807e+03 1.0677e+00
 5.6853e+03 1.0448e+00
 5.6900e+03 1.0472e+00
 5.6947e+03 1.0462e+00
 5.6993e+03 1.0332e+00
 5.7040e+03 1.0223e+00
 5.7087e+03 1.0101e+00
 5.7133e+03 1.0221e+00
 5.7180e+03 1.0550e+00
 5.7227e+03 1.0750e+00
 5.7273e+03 1.0789e+00
 5.7320e+03 1.0761e+00
 5.7367e+03 1.0729e+00
 5.7413e+03 1.0753e+00
 5.7460e+03 1.0764e+00
 5.7507e+03 1.0733e+00
 5.7553e+03 1.0601e+00
 5.7600e+03 1.0674e+00
 5.7647e+03 1.0645e+00
 5.7693e+03 1.0605e+00
 5.7740e+03 1.0579e+00
 5.7787e+03 1.0363e+00
 5.7833e+03 1.0193e+00
 5.7880e+03 1.0451e+00
 5.7927e+03 1.0667e+00
 5.7973e+03 1.0778e+00
 5.8020e+03 1.0954e+00
 5.8067e+03 1.0873e+00
 5.8113e+03 1.0872e+00
 5.8160e+03 1.0822e+00
 5.8207e+03 1.0899e+00
 5.8253e+03 1.1105e+00
 5.8300e+03 1.1159e+00
 5.8347e+03 1.1056e+00
 5.8393e+03 1.1002e+00
 5.8440e+03 1.0961e+00
 5.8487e+03 1.0769e+00
 5.8533e+03 1.0520e+00
 5.8580e+03 1.0400e+00
 5.8627e+03 1.0664e+00
 5.8673e+03 1.0561e+00
 5.8720e+03 1.0399e+00
 5.8767e+03 1.0179e+00
 5.8813e+03 1.0053e+00
 5.8860e+03 9.4612e-01
 5.8907e+03 8.7290e-01
 5.8953e+03 8.7803e-01
 5.9000e+03 9.5835e-01
 5.9047e+03 1.0162e+00
 5.9093e+03 1.0308e+00
 5.9140e+03 1.0321e+00
 5.9187e+03 1.0318e+00
 5.9233e+03 1.0421e+00
 5.9280e+03 1.0460e+00
 5.9327e+03 1.0418e+00
 5.9373e+03 1.0373e+00
 5.9420e+03 1.0396e+00
 5.9467e+03 1.0305e+00
 5.9513e+03 1.0338e+00
 5.9560e+03 1.0350e+00
 5.9607e+03 1.0486e+00
 5.9653e+03 1.0681e+00
 5.9700e+03 1.0694e+00
 5.9747e+03 1.0543e+00
 5.9793e+03 1.0251e+00
 5.9840e+03 1.0234e+00
 5.9887e+03 1.0292e+00
 5.9933e+03 1.0345e+00
 5.9980e+03 1.0334e+00
 6.0027e+03 1.0269e+00
 6.0073e+03 1.0313e+00
 6.0120e+03 1.0147e+00
 6.0167e+03 1.0135e+00
 6.0213e+03 1.0179e+00
 6.0260e+03 1.0362e+00
 6.0307e+03 1.0630e+00
 6.0353e+03 1.0641e+00
 6.0400e+03 1.0702e+00
 6.0447e+03 1.0769e+00
 6.0493e+03 1.0729e+00
 6.0540e+03 1.0628e+00
 6.0587e+03 1.0506e+00
 6.0633e+03 1.0561e+00
 6.0680e+03 1.0587e+00
 6.0727e+03 1.0634e+00
 6.0773e+03 1.0538e+00
 6.0820e+03 1.0493e+00
 6.0867e+03 1.0479e+00
 6.0913e+03 1.0399e+00
 6.0960e+03 1.0402e+00
 6.1007e+03 1.0410e+00
 6.1053e+03 1.0427e+00
 6.1100e+03 1.0406e+00
 6.1147e+03 1.0450e+00
 6.1193e+03 1.0382e+00
 6.1240e+03 1.0383e+00
 6.1287e+03 1.0504e+00
 6.1333e+03 1.0350e+00
 6.1380e+03 1.0108e+00
 6.1427e+03 1.0240e+00
 6.1473e+03 1.0271e+00
 6.1520e+03 1.0245e+00
 6.1567e+03 9.9864e-01
 6.1613e+03 9.8448e-01
 6.1660e+03 9.7097e-01
 6.1707e+03 9.7836e-01
 6.1753e+03 9.9343e-01
 6.1800e+03 1.0050e+00
 6.1847e+03 9.9156e-01
 6.1893e+03 9.8100e-01
 6.1940e+03 9.9003e-01
 6.1987e+03 1.0000e+00
 6.2033e+03 1.0068e+00
 6.2080e+03 9.9793e-01
 6.2127e+03 9.5955e-01
 6.2173e+03 9.4632e-01
 6.2220e+03 9.4271e-01
 6.2267e+03 9.5733e-01
 6.2313e+03 9.5773e-01
 6.2360e+03 9.5277e-01
 6.2407e+03 9.3766e-01
 6.2453e+03 9.2711e-01
 6.2500e+03 9.1571e-01
 6.2547e+03 9.1246e-01
 6.2593e+03 9.1084e-01
 6.2640e+03 9.3471e-01
 6.2687e+03 9.4822e-01
 6.2733e+03 9.4999e-01
 6.2780e+03 9.5704e-01
 6.2827e+03 9.6449e-01
 6.2873e+03 9.7420e-01
 6.2920e+03 9.7862e-01
 6.2967e+03 9.6829e-01
 6.3013e+03 9.6612e-01
 6.3060e+03 9.6625e-01
 6.3107e+03 9.6650e-01
 6.3153e+03 9.6448e-01
 6.3200e+03 9.8109e-01
 6.3247e+03 9.9017e-01
 6.3293e+03 9.9112e-01
 6.3340e+03 9.8128e-01
 6.3387e+03 9.8998e-01
 6.3433e+03 9.9751e-01
 6.3480e+03 9.8034e-01
 6.3527e+03 9.7708e-01
 6.3573e+03 9.7511e-01
 6.3620e+03 9.6970e-01
 6.3667e+03 9.7878e-01
 6.3713e+03 9.9273e-01
 6.3760e+03 1.0043e+00
 6.3807e+03 1.0001e+00
 6.3853e+03 1.0065e+00
 6.3900e+03 1.0130e+00
 6.3947e+03 9.9855e-01
 6.3993e+03 9.9427e-01
 6.4040e+03 9.9319e-01
 6.4087e+03 9.9426e-01
 6.4133e+03 9.8944e-01
 6.4180e+03 9.8724e-01
 6.4227e+03 1.0045e+00
 6.4273e+03 1.0068e+00
 6.4320e+03 9.9601e-01
 6.4367e+03 9.9124e-01
 6.4413e+03 1.0042e+00
 6.4460e+03 1.0015e+00
 6.4507e+03 9.8846e-01
 6.4553e+03 9.8087e-01
 6.4600e+03 9.9040e-01
 6.4647e+03 9.9917e-01
 6.4693e+03 1.0139e+00
 6.4740e+03 1.0179e+00
 6.4787e+03 1.0107e+00
 6.4833e+03 1.0007e+00
 6.4880e+03 9.8310e-01
 6.4927e+03 9.5204e-01
 6.4973e+03 9.4016e-01
 6.5020e+03 9.7043e-01
 6.5067e+03 9.9996e-01
 6.5113e+03 9.9955e-01
 6.5160e+03 1.0078e+00
 6.5207e+03 1.0003e+00
 6.5253e+03 1.0136e+00
 6.5300e+03 1.0256e+00
 6.5347e+03 1.0156e+00
 6.5393e+03 1.0149e+00
 6.5440e+03 1.0112e+00
 6.5487e+03 9.9500e-01
 6.5533e+03 9.7804e-01
 6.5580e+03 9.5222e-01
 6.5627e+03 9.4223e-01
 6.5673e+03 9.5935e-01
 6.5720e+03 9.7257e-01
 6.5767e+03 1.0045e+00
 6.5813e+03 1.0300e+00
 6.5860e+03 1.0285e+00
 6.5907e+03 9.9593e-01
 6.5953e+03 9.8323e-01
 6.6000e+03 9.8730e-01
 6.6047e+03 9.8096e-01
 6.6093e+03 9.8807e-01
 6.6140e+03 9.9085e-01
 6.6187e+03 9.9793e-01
 6.6233e+03 9.8955e-01
 6.6280e+03 9.8025e-01
 6.6327e+03 9.8703e-01
 6.6373e+03 9.8745e-01
 6.6420e+03 9.8365e-01
 6.6467e+03 9.8594e-01
 6.6513e+03 9.8015e-01
 6.6560e+03 9.7277e-01
 6.6607e+03 9.7229e-01
 6.6653e+03 9.6795e-01
 6.6700e+03 9.7767e-01
 6.6747e+03 9.7566e-01
 6.6793e+03 9.6661e-01
 6.6840e+03 9.6029e-01
 6.6887e+03 9.7082e-01
 6.6933e+03 9.6417e-01
 6.6980e+03 9.5761e-01
 6.7027e+03 9.5392e-01
 6.7073e+03 9.5788e-01
 6.7120e+03 9.6215e-01
 6.7167e+03 9.6519e-01
 6.7213e+03 9.6309e-01
 6.7260e+03 9.6666e-01
 6.7307e+03 9.6974e-01
 6.7353e+03 9.7264e-01
 6.7400e+03 9.5935e-01
 6.7447e+03 9.5871e-01
 6.7493e+03 9.4991e-01
 6.7540e+03 9.4811e-01
 6.7587e+03 9.5675e-01
 6.7633e+03 9.5574e-01
 6.7680e+03 9.4881e-01
 6.7727e+03 9.6049e-01
 6.7773e+03 9.5904e-01
 6.7820e+03 9.5782e-01
 6.7867e+03 9.4997e-01
 6.7913e+03 9.4547e-01
 6.7960e+03 9.6055e-01
 6.8007e+03 9.5654e-01
 6.8053e+03 9.5770e-01
 6.8100e+03 9.4827e-01
 6.8147e+03 9.5251e-01
 6.8193e+03 9.5080e-01
 6.8240e+03 9.4660e-01
 6.8287e+03 9.5703e-01
 6.8333e+03 9.4429e-01
 6.8380e+03 8.5697e-01
 6.8427e+03 8.2552e-01
 6.8473e+03 8.2110e-01
 6.8520e+03 8.2745e-01
 6.8567e+03 8.3595e-01
 6.8613e+03 8.3998e-01
 6.8660e+03 8.5203e-01
 6.8707e+03 8.6523e-01
 6.8753e+03 8.7136e-01
 6.8800e+03 8.8134e-01
 6.8847e+03 8.9333e-01
 6.8893e+03 9.1873e-01
 6.8940e+03 9.2986e-01
 6.8987e+03 9.3048e-01
 6.9033e+03 9.4509e-01
 6.9080e+03 9.3505e-01
 6.9127e+03 9.2923e-01
 6.9173e+03 9.3411e-01
 6.9220e+03 9.3259e-01
 6.9267e+03 9.2714e-01
 6.9313e+03 9.3125e-01
 6.9360e+03 9.3788e-01
 6.9407e+03 9.3577e-01
 6.9453e+03 9.4706e-01
 6.9500e+03 9.4818e-01
 6.9547e+03 9.4001e-01
 6.9593e+03 9.4198e-01
 6.9640e+03 9.4442e-01
 6.9687e+03 9.4590e-01
 6.9733e+03 9.3883e-01
 6.9780e+03 9.3736e-01
 6.9827e+03 9.3649e-01
 6.9873e+03 9.4422e-01
 6.9920e+03 9.4895e-01
 6.9967e+03 9.4490e-01
 7.0013e+03 9.4495e-01
 7.0060e+03 9.4309e-01
 7.0107e+03 9.4186e-01
 7.0153e+03 9.4365e-01
 7.0200e+03 9.4875e-01
 7.0247e+03 9.5246e-01
 7.0293e+03 9.5922e-01
 7.0340e+03 9.6017e-01
 7.0387e+03 9.6494e-01
 7.0433e+03 9.7343e-01
 7.0480e+03 9.6092e-01
 7.0527e+03 9.4443e-01
 7.0573e+03 9.3035e-01
 7.0620e+03 9.1662e-01
 7.0667e+03 9.0374e-01
 7.0713e+03 9.1652e-01
 7.0760e+03 9.3312e-01
 7.0807e+03 9.3514e-01
 7.0853e+03 9.3483e-01
 7.0900e+03 9.3452e-01
 7.0947e+03 9.3421e-01
 7.0993e+03 9.3390e-01
 7.1040e+03 9.3360e-01
 7.1087e+03 9.3329e-01
 7.1133e+03 9.3298e-01
 7.1180e+03 9.3268e-01
 7.1227e+03 9.3237e-01
 7.1273e+03 9.3206e-01
 7.1320e+03 9.3176e-01
 7.1367e+03 9.3145e-01
 7.1413e+03 9.3114e-01
 7.1460e+03 9.3084e-01
 7.1507e+03 9.3053e-01
 7.1553e+03 9.3023e-01
 7.1600e+03 9.2993e-01
 7.1647e+03 9.2962e-01
 7.1693e+03 9.2932e-01
 7.1740e+03 9.2901e-01
 7.1787e+03 9.2871e-01
 7.1833e+03 9.2841e-01
 7.1880e+03 9.2811e-01
 7.1927e+03 9.2780e-01
 7.1973e+03 9.2750e-01
 7.2020e+03 9.2720e-01
 7.2067e+03 9.2690e-01
 7.2113e+03 9.2660e-01
 7.2160e+03 9.2630e-01
 7.2207e+03 9.2600e-01
 7.2253e+03 9.2569e-01
 7.2300e+03 9.2539e-01
 7.2347e+03 9.2510e-01
 7.2393e+03 9.2480e-01
 7.2440e+03 9.2450e-01
 7.2487e+03 9.2420e-01
 7.2533e+03 9.2390e-01
 7.2580e+03 9.2360e-01
 7.2627e+03 9.2330e-01
 7.2673e+03 9.2301e-01
 7.2720e+03 9.2271e-01
 7.2767e+03 9.2241e-01
 7.2813e+03 9.2211e-01
 7.2860e+03 9.2182e-01
 7.2907e+03 9.2152e-01
 7.2953e+03 9.2122e-01
 7.3000e+03 9.2093e-01
 7.3047e+03 9.2063e-01
 7.3093e+03 9.2034e-01
 7.3140e+03 9.2004e-01
 7.3187e+03 9.1975e-01
 7.3233e+03 9.1946e-01
 7.3280e+03 9.1916e-01
 7.3327e+03 9.1887e-01
 7.3373e+03 9.1858e-01
 7.3420e+03 9.1828e-01
 7.3467e+03 9.1799e-01
 7.3513e+03 9.1770e-01
 7.3560e+03 9.1740e-01
 7.3607e+03 9.1711e-01
 7.3653e+03 9.1682e-01
 7.3700e+03 9.1653e-01
 7.3747e+03 9.1624e-01
 7.3793e+03 9.1595e-01
 7.3840e+03 9.1566e-01
 7.3887e+03 9.1537e-01
 7.3933e+03 9.1508e-01
 7.3980e+03 9.1479e-01
 7.4027e+03 9.1450e-01
 7.4073e+03 9.1421e-01
 7.4120e+03 9.1392e-01
 7.4167e+03 9.1363e-01
 7.4213e+03 9.1334e-01
 7.4260e+03 9.1306e-01
 7.4307e+03 9.1277e-01
 7.4353e+03 9.1248e-01
 7.4400e+03 9.1219e-01
 7.4447e+03 9.1191e-01
 7.4493e+03 9.1162e-01
 7.4540e+03 9.1133e-01
 7.4587e+03 9.1105e-01
 7.4633e+03 9.1076e-01
 7.4680e+03 9.1047e-01
 7.4727e+03 9.1019e-01
 7.4773e+03 9.0990e-01
 7.4820e+03 9.0962e-01
 7.4867e+03 9.0933e-01
 7.4913e+03 9.0905e-01
 7.4960e+03 9.0877e-01
 7.5007e+03 9.0848e-01
 7.5053e+03 9.0820e-01
 7.5100e+03 9.0791e-01
 7.5147e+03 9.0763e-01
 7.5193e+03 9.0735e-01
 7.5240e+03 9.0707e-01
 7.5287e+03 9.0678e-01
 7.5333e+03 9.0650e-01
 7.5380e+03 9.0622e-01
 7.5427e+03 9.0594e-01
 7.5473e+03 9.0566e-01
 7.5520e+03 9.0537e-01
 7.5567e+03 9.0509e-01
 7.5613e+03 9.0482e-01
 7.5660e+03 9.0453e-01
 7.5707e+03 9.0425e-01
 7.5753e+03 9.0398e-01
 7.5800e+03 9.0370e-01
 7.5847e+03 9.0342e-01
 7.5893e+03 9.0314e-01
 7.5940e+03 9.0286e-01
 7.5987e+03 9.0258e-01
 7.6033e+03 9.0230e-01
 7.6080e+03 9.0202e-01
 7.6127e+03 9.0175e-01
 7.6173e+03 9.0147e-01
 7.6220e+03 9.0119e-01
 7.6267e+03 9.0092e-01
 7.6313e+03 9.0064e-01
 7.6360e+03 9.0036e-01
 7.6407e+03 9.0009e-01
 7.6453e+03 8.9981e-01
 7.6500e+03 8.9954e-01
 7.6547e+03 8.9926e-01
 7.6593e+03 8.9899e-01
 7.6640e+03 8.9871e-01
 7.6687e+03 8.9844e-01
 7.6733e+03 8.9816e-01
 7.6780e+03 8.9789e-01
 7.6827e+03 8.9761e-01
 7.6873e+03 8.9734e-01
 7.6920e+03 8.9707e-01
 7.6967e+03 8.9679e-01
 7.7013e+03 8.9652e-01
 7.7060e+03 8.9625e-01
 7.7107e+03 8.9598e-01
 7.7153e+03 8.9571e-01
 7.7200e+03 8.9543e-01
 7.7247e+03 8.9516e-01
 7.7293e+03 8.9489e-01
 7.7340e+03 8.9462e-01
 7.7387e+03 8.9435e-01
 7.7433e+03 8.9408e-01
 7.7480e+03 8.9381e-01
 7.7527e+03 8.9354e-01
 7.7573e+03 8.9327e-01
 7.7620e+03 8.9300e-01
 7.7667e+03 8.9273e-01
 7.7713e+03 8.9246e-01
 7.7760e+03 8.9219e-01
 7.7807e+03 8.9192e-01
 7.7853e+03 8.9165e-01
 7.7900e+03 8.9138e-01
 7.7947e+03 8.9112e-01
 7.7993e+03 8.9085e-01
 7.8040e+03 8.9058e-01
 7.8087e+03 8.9032e-01
 7.8133e+03 8.9005e-01
 7.8180e+03 8.8978e-01
 7.8227e+03 8.8951e-01
 7.8273e+03 8.8925e-01
 7.8320e+03 8.8898e-01
 7.8367e+03 8.8872e-01
 7.8413e+03 8.8845e-01
 7.8460e+03 8.8819e-01
 7.8507e+03 8.8792e-01
 7.8553e+03 8.8766e-01
 7.8600e+03 8.8739e-01
 7.8647e+03 8.8713e-01
 7.8693e+03 8.8686e-01
 7.8740e+03 8.8660e-01
 7.8787e+03 8.8634e-01
 7.8833e+03 8.8607e-01
 7.8880e+03 8.8581e-01
 7.8927e+03 8.8555e-01
 7.8973e+03 8.8529e-01
 7.9020e+03 8.8502e-01
 7.9067e+03 8.8476e-01
 7.9113e+03 8.8450e-01
 7.9160e+03 8.8424e-01
 7.9207e+03 8.8398e-01
 7.9253e+03 8.8371e-01
 7.9300e+03 8.8345e-01
 7.9347e+03 8.8319e-01
 7.9393e+03 8.8293e-01
 7.9440e+03 8.8267e-01
 7.9487e+03 8.8241e-01
 7.9533e+03 8.8215e-01
 7.9580e+03 8.8189e-01
 7.9627e+03 8.8163e-01
 7.9673e+03 8.8137e-01
 7.9720e+03 8.8111e-01
 7.9767e+03 8.8085e-01
 7.9813e+03 8.8060e-01
 7.9860e+03 8.8034e-01
 7.9907e+03 8.8008e-01
 7.9953e+03 8.7982e-01
 8.0000e+03 8.7956e-01
 8.0047e+03 8.7931e-01
 8.0093e+03 8.7905e-01
 8.0140e+03 8.7879e-01
 8.0187e+03 8.7853e-01
 8.0233e+03 8.7828e-01
 8.0280e+03 8.7802e-01
 8.0327e+03 8.7777e-01
 8.0373e+03 8.7751e-01
 8.0420e+03 8.7725e-01
 8.0467e+03 8.7700e-01
 8.0513e+03 8.7674e-01
 8.0560e+03 8.7649e-01
 8.0607e+03 8.7623e-01
 8.0653e+03 8.7598e-01
 8.0700e+03 8.7573e-01
 8.0747e+03 8.7547e-01
 8.0793e+03 8.7522e-01
 8.0840e+03 8.7496e-01
 8.0887e+03 8.7471e-01
 8.0933e+03 8.7446e-01
 8.0980e+03 8.7421e-01
 8.1027e+03 8.7395e-01
 8.1073e+03 8.7370e-01
 8.1120e+03 8.7344e-01
 8.1167e+03 8.7319e-01
 8.1213e+03 8.7294e-01
 8.1260e+03 8.7269e-01
 8.1307e+03 8.7244e-01
 8.1353e+03 8.7219e-01
 8.1400e+03 8.7194e-01
 8.1447e+03 8.7169e-01
 8.1493e+03 8.7144e-01
 8.1540e+03 8.7119e-01
 8.1587e+03 8.7094e-01
 8.1633e+03 8.7069e-01
 8.1680e+03 8.7043e-01
 8.1727e+03 8.7019e-01
 8.1773e+03 8.6994e-01
 8.1820e+03 8.6969e-01
 8.1867e+03 8.6944e-01
 8.1913e+03 8.6919e-01
 8.1960e+03 8.6894e-01
 8.2007e+03 8.6869e-01
 8.2053e+03 8.6845e-01
 8.2100e+03 8.6820e-01
 8.2147e+03 8.6795e-01
 8.2193e+03 8.6770e-01
 8.2240e+03 8.6746e-01
 8.2287e+03 8.6721e-01
 8.2333e+03 8.6697e-01
 8.2380e+03 8.6671e-01
 8.2427e+03 8.6647e-01
 8.2473e+03 8.6622e-01
 8.2520e+03 8.6598e-01
 8.2567e+03 8.6573e-01
 8.2613e+03 8.6549e-01
 8.2660e+03 8.6524e-01
 8.2707e+03 8.6500e-01
 8.2753e+03 8.6475e-01
 8.2800e+03 8.6451e-01
 8.2847e+03 8.6426e-01
 8.2893e+03 8.6402e-01
 8.2940e+03 8.6377e-01
 8.2987e+03 8.6353e-01
 8.3033e+03 8.6329e-01
 8.3080e+03 8.6304e-01
 8.3127e+03 8.6280e-01
 8.3173e+03 8.6256e-01
 8.3220e+03 8.6231e-01
 8.3267e+03 8.6207e-01
 8.3313e+03 8.6183e-01
 8.3360e+03 8.6159e-01
 8.3407e+03 8.6134e-01
 8.3453e+03 8.6110e-01
 8.3500e+03 8.6086e-01
 8.3547e+03 8.6062e-01
 8.3593e+03 8.6038e-01
 8.3640e+03 8.6014e-01
 8.3687e+03 8.5990e-01
 8.3733e+03 8.5966e-01
 8.3780e+03 8.5942e-01
 8.3827e+03 8.5918e-01
 8.3873e+03 8.5894e-01
 8.3920e+03 8.5870e-01
 8.3967e+03 8.5846e-01
 8.4013e+03 8.5822e-01
 8.4060e+03 8.5798e-01
 8.4107e+03 8.5774e-01
 8.4153e+03 8.5750e-01
 8.4200e+03 8.5726e-01
 8.4247e+03 8.5703e-01
 8.4293e+03 8.5678e-01
 8.4340e+03 8.5655e-01
 8.4387e+03 8.5631e-01
 8.4433e+03 8.5607e-01
 8.4480e+03 8.5583e-01
 8.4527e+03 8.5560e-01
 8.4573e+03 8.5536e-01
 8.4620e+03 8.5512e-01
 8.4667e+03 8.5489e-01
 8.4713e+03 8.5465e-01
 8.4760e+03 8.5441e-01
 8.4807e+03 8.5418e-01
 8.4853e+03 8.5394e-01
 8.4900e+03 8.5371e-01
 8.4947e+03 8.5347e-01
 8.4993e+03 8.5324e-01
 8.5040e+03 8.5300e-01
 8.5087e+03 8.5277e-01
 8.5133e+03 8.5253e-01
 8.5180e+03 8.5230e-01
 8.5227e+03 8.5206e-01
 8.5273e+03 8.5183e-01
 8.5320e+03 8.5159e-01
 8.5367e+03 8.5136e-01
 8.5413e+03 8.5113e-01
 8.5460e+03 8.5089e-01
 8.5507e+03 8.5066e-01
 8.5553e+03 8.5043e-01
 8.5600e+03 8.5020e-01
 8.5647e+03 8.4996e-01
 8.5693e+03 8.4973e-01
 8.5740e+03 8.4950e-01
 8.5787e+03 8.4927e-01
 8.5833e+03 8.4904e-01
 8.5880e+03 8.4880e-01
 8.5927e+03 8.4857e-01
 8.5973e+03 8.4834e-01
 8.6020e+03 8.4811e-01
 8.6067e+03 8.4788e-01
 8.6113e+03 8.4765e-01
 8.6160e+03 8.4742e-01
 8.6207e+03 8.4719e-01
 8.6253e+03 8.4696e-01
 8.6300e+03 8.4673e-01
 8.6347e+03 8.4650e-01
 8.6393e+03 8.4627e-01
 8.6440e+03 8.4604e-01
 8.6487e+03 8.4581e-01
 8.6533e+03 8.4558e-01
 8.6580e+03 8.4535e-01
 8.6627e+03 8.4512e-01
 8.6673e+03 8.4489e-01
 8.6720e+03 8.4466e-01
 8.6767e+03 8.4444e-01
 8.6813e+03 8.4421e-01
 8.6860e+03 8.4398e-01
 8.6907e+03 8.4376e-01
 8.6953e+03 8.4353e-01
 8.7000e+03 8.4330e-01
 8.7047e+03 8.4308e-01
 8.7093e+03 8.4284e-01
 8.7140e+03 8.4262e-01
 8.7187e+03 8.4239e-01
 8.7233e+03 8.4217e-01
 8.7280e+03 8.4194e-01
 8.7327e+03 8.4172e-01
 8.7373e+03 8.4149e-01
 8.7420e+03 8.4126e-01
 8.7467e+03 8.4104e-01
 8.7513e+03 8.4082e-01
 8.7560e+03 8.4059e-01
 8.7607e+03 8.4036e-01
 8.7653e+03 8.4014e-01
 8.7700e+03 8.3992e-01
 8.7747e+03 8.3969e-01
 8.7793e+03 8.3947e-01
 8.7840e+03 8.3924e-01
 8.7887e+03 8.3902e-01
 8.7933e+03 8.3880e-01
 8.7980e+03 8.3857e-01
 8.8027e+03 8.3835e-01
 8.8073e+03 8.3813e-01
 8.8120e+03 8.3791e-01
 8.8167e+03 8.3768e-01
 8.8213e+03 8.3746e-01
 8.8260e+03 8.3724e-01
 8.8307e+03 8.3701e-01
 8.8353e+03 8.3679e-01
 8.8400e+03 8.3657e-01
 8.8447e+03 8.3635e-01
 8.8493e+03 8.3613e-01
 8.8540e+03 8.3591e-01
 8.8587e+03 8.3569e-01
 8.8633e+03 8.3547e-01
 8.8680e+03 8.3525e-01
 8.8727e+03 8.3503e-01
 8.8773e+03 8.3481e-01
 8.8820e+03 8.3458e-01
 8.8867e+03 8.3436e-01
 8.8913e+03 8.3414e-01
 8.8960e+03 8.3392e-01
 8.9007e+03 8.3370e-01
 8.9053e+03 8.3349e-01
 8.9100e+03 8.3327e-01
 8.9147e+03 8.3305e-01
 8.9193e+03 8.3283e-01
 8.9240e+03 8.3261e-01
 8.9287e+03 8.3239e-01
 8.9333e+03 8.3217e-01
 8.9380e+03 8.3195e-01
 8.9427e+03 8.3174e-01
 8.9473e+03 8.3152e-01
 8.9520e+03 8.3130e-01
 8.9567e+03 8.3108e-01
 8.9613e+03 8.3087e-01
 8.9660e+03 8.3065e-01
 8.9707e+03 8.3043e-01
 8.9753e+03 8.3022e-01
 8.9800e+03 8.3000e-01
 8.9847e+03 8.2978e-01
 8.9893e+03 8.2957e-01
 8.9940e+03 8.2935e-01
 8.9987e+03 8.2913e-01
 9.0033e+03 8.2892e-01
 9.0080e+03 8.2871e-01
 9.0127e+03 8.2849e-01
 9.0173e+03 8.2827e-01
 9.0220e+03 8.2806e-01
 9.0267e+03 8.2784e-01
 9.0313e+03 8.2763e-01
 9.0360e+03 8.2741e-01
 9.0407e+03 8.2720e-01
 9.0453e+03 8.2699e-01
 9.0500e+03 8.2677e-01
 9.0547e+03 8.2656e-01
 9.0593e+03 8.2634e-01
 9.0640e+03 8.2613e-01
 9.0687e+03 8.2591e-01
 9.0733e+03 8.2570e-01
 9.0780e+03 8.2549e-01
 9.0827e+03 8.2528e-01
 9.0873e+03 8.2506e-01
 9.0920e+03 8.2485e-01
 9.0967e+03 8.2464e-01
 9.1013e+03 8.2443e-01
 9.1060e+03 8.2421e-01
 9.1107e+03 8.2400e-01
 9.1153e+03 8.2379e-01
 9.1200e+03 8.2358e-01
 9.1247e+03 8.2337e-01
 9.1293e+03 8.2316e-01
 9.1340e+03 8.2295e-01
 9.1387e+03 8.2274e-01
 9.1433e+03 8.2252e-01
 9.1480e+03 8.2232e-01
 9.1527e+03 8.2210e-01
 9.1573e+03 8.2189e-01
 9.1620e+03 8.2168e-01
 9.1667e+03 8.2147e-01
 9.1713e+03 8.2126e-01
 9.1760e+03 8.2105e-01
 9.1807e+03 8.2084e-01
 9.1853e+03 8.2063e-01
 9.1900e+03 8.2043e-01
 9.1947e+03 8.2022e-01
 9.1993e+03 8.2001e-01
 9.2040e+03 8.1980e-01
 9.2087e+03 8.1959e-01
 9.2133e+03 8.1938e-01
 9.2180e+03 8.1917e-01
 9.2227e+03 8.1897e-01
 9.2273e+03 8.1876e-01
 9.2320e+03 8.1855e-01
 9.2367e+03 8.1834e-01
 9.2413e+03 8.1813e-01
 9.2460e+03 8.1793e-01
 9.2507e+03 8.1772e-01
 9.2553e+03 8.1751e-01
 9.2600e+03 8.1731e-01
 9.2647e+03 8.1710e-01
 9.2693e+03 8.1689e-01
 9.2740e+03 8.1669e-01
 9.2787e+03 8.1648e-01
 9.2833e+03 8.1628e-01
 9.2880e+03 8.1607e-01
 9.2927e+03 8.1586e-01
 9.2973e+03 8.1566e-01
 9.3020e+03 8.1545e-01
 9.3067e+03 8.1525e-01
 9.3113e+03 8.1504e-01
 9.3160e+03 8.1483e-01
 9.3207e+03 8.1463e-01
 9.3253e+03 8.1443e-01
 9.3300e+03 8.1422e-01
 9.3347e+03 8.1402e-01
 9.3393e+03 8.1381e-01
 9.3440e+03 8.1361e-01
 9.3487e+03 8.1341e-01
 9.3533e+03 8.1320e-01
 9.3580e+03 8.1300e-01
 9.3627e+03 8.1280e-01
 9.3673e+03 8.1259e-01
 9.3720e+03 8.1239e-01
 9.3767e+03 8.1219e-01
 9.3813e+03 8.1198e-01
 9.3860e+03 8.1178e-01
 9.3907e+03 8.1158e-01
 9.3953e+03 8.1138e-01
 9.4000e+03 8.1117e-01
 9.4047e+03 8.1097e-01
 9.4093e+03 8.1077e-01
 9.4140e+03 8.1057e-01
 9.4187e+03 8.1037e-01
 9.4233e+03 8.1017e-01
 9.4280e+03 8.0996e-01
 9.4327e+03 8.0976e-01
 9.4373e+03 8.0956e-01
 9.4420e+03 8.0936e-01
 9.4467e+03 8.0916e-01
 9.4513e+03 8.0896e-01
 9.4560e+03 8.0876e-01
 9.4607e+03 8.0856e-01
 9.4653e+03 8.0836e-01
 9.4700e+03 8.0816e-01
 9.4747e+03 8.0796e-01
 9.4793e+03 8.0776e-01
 9.4840e+03 8.0756e-01
 9.4887e+03 8.0736e-01
 9.4933e+03 8.0716e-01
 9.4980e+03 8.0696e-01
 9.5027e+03 8.0676e-01
 9.5073e+03 8.0656e-01
 9.5120e+03 8.0637e-01
 9.5167e+03 8.0617e-01
 9.5213e+03 8.0597e-01
 9.5260e+03 8.0577e-01
 9.5307e+03 8.0557e-01
 9.5353e+03 8.0538e-01
 9.5400e+03 8.0518e-01
 9.5447e+03 8.0498e-01
 9.5493e+03 8.0478e-01
 9.5540e+03 8.0458e-01
 9.5587e+03 8.0439e-01
 9.5633e+03 8.0419e-01
 9.5680e+03 8.0399e-01
 9.5727e+03 8.0380e-01
 9.5773e+03 8.0360e-01
 9.5820e+03 8.0341e-01
 9.5867e+03 8.0321e-01
 9.5913e+03 8.0301e-01
 9.5960e+03 8.0282e-01
 9.6007e+03 8.0262e-01
 9.6053e+03 8.0242e-01
 9.6100e+03 8.0223e-01
 9.6147e+03 8.0203e-01
 9.6193e+03 8.0184e-01
 9.6240e+03 8.0164e-01
 9.6287e+03 8.0145e-01
 9.6333e+03 8.0125e-01
 9.6380e+03 8.0106e-01
 9.6427e+03 8.0086e-01
 9.6473e+03 8.0067e-01
 9.6520e+03 8.0047e-01
 9.6567e+03 8.0028e-01
 9.6613e+03 8.0009e-01
 9.6660e+03 7.9989e-01
 9.6707e+03 7.9970e-01
 9.6753e+03 7.9950e-01
 9.6800e+03 7.9931e-01
 9.6847e+03 7.9912e-01
 9.6893e+03 7.9893e-01
 9.6940e+03 7.9873e-01
 9.6987e+03 7.9854e-01
 9.7033e+03 7.9835e-01
 9.7080e+03 7.9815e-01
 9.7127e+03 7.9796e-01
 9.7173e+03 7.9777e-01
 9.7220e+03 7.9758e-01
 9.7267e+03 7.9739e-01
 9.7313e+03 7.9719e-01
 9.7360e+03 7.9700e-01
 9.7407e+03 7.9681e-01
 9.7453e+03 7.9662e-01
 9.7500e+03 7.9643e-01
 9.7547e+03 7.9623e-01
 9.7593e+03 7.9604e-01
 9.7640e+03 7.9585e-01
 9.7687e+03 7.9566e-01
 9.7733e+03 7.9547e-01
 9.7780e+03 7.9528e-01
 9.7827e+03 7.9509e-01
 9.7873e+03 7.9490e-01
 9.7920e+03 7.9471e-01
 9.7967e+03 7.9452e-01
 9.8013e+03 7.9433e-01
 9.8060e+03 7.9414e-01
 9.8107e+03 7.9395e-01
 9.8153e+03 7.9376e-01
 9.8200e+03 7.9357e-01
 9.8247e+03 7.9338e-01
 9.8293e+03 7.9319e-01
 9.8340e+03 7.9301e-01
 9.8387e+03 7.9282e-01
 9.8433e+03 7.9263e-01
 9.8480e+03 7.9244e-01
 9.8527e+03 7.9225e-01
 9.8573e+03 7.9206e-01
 9.8620e+03 7.9187e-01
 9.8667e+03 7.9169e-01
 9.8713e+03 7.9150e-01
 9.8760e+03 7.9131e-01
 9.8807e+03 7.9112e-01
 9.8853e+03 7.9093e-01
 9.8900e+03 7.9075e-01
 9.8947e+03 7.9056e-01
 9.8993e+03 7.9038e-01
 9.9040e+03 7.9019e-01
 9.9087e+03 7.9000e-01
 9.9133e+03 7.8981e-01
 9.9180e+03 7.8962e-01
 9.9227e+03 7.8944e-01
 9.9273e+03 7.8925e-01
 9.9320e+03 7.8907e-01
 9.9367e+03 7.8888e-01
 9.9413e+03 7.8869e-01
 9.9460e+03 7.8851e-01
 9.9507e+03 7.8832e-01
 9.9553e+03 7.8814e-01
 9.9600e+03 7.8795e-01
 9.9647e+03 7.8777e-01
 9.9693e+03 7.8758e-01
 9.9740e+03 7.8740e-01
 9.9787e+03 7.8721e-01
 9.9833e+03 7.8703e-01
 9.9880e+03 7.8685e-01
 9.9927e+03 7.8666e-01
 9.9973e+03 7.8647e-01
 1.0002e+04 7.8628e-01
 1.0007e+04 7.8610e-01
 1.0011e+04 7.8592e-01
 1.0016e+04 7.8573e-01
 1.0021e+04 7.8555e-01
 1.0025e+04 7.8537e-01
 1.0030e+04 7.8519e-01
 1.0035e+04 7.8499e-01
 1.0039e+04 7.8481e-01
 1.0044e+04 7.8463e-01
 1.0049e+04 7.8445e-01
 1.0053e+04 7.8426e-01
 1.0058e+04 7.8409e-01
 1.0063e+04 7.8390e-01
 1.0067e+04 7.8373e-01
 1.0072e+04 7.8353e-01
 1.0077e+04 7.8335e-01
 1.0081e+04 7.8317e-01
 1.0086e+04 7.8300e-01
 1.0091e+04 7.8281e-01
 1.0095e+04 7.8263e-01
 1.0100e+04 7.8245e-01
 1.0105e+04 7.8227e-01
 1.0109e+04 7.8209e-01
 1.0114e+04 7.8190e-01
 1.0119e+04 7.8172e-01
 1.0123e+04 7.8154e-01
 1.0128e+04 7.8137e-01
 1.0133e+04 7.8118e-01
 1.0137e+04 7.8100e-01
 1.0142e+04 7.8082e-01
 1.0147e+04 7.8065e-01
 1.0151e+04 7.8045e-01
 1.0156e+04 7.8028e-01
 1.0161e+04 7.8010e-01
 1.0165e+04 7.7993e-01
 1.0170e+04 7.7973e-01
 1.0175e+04 7.7956e-01
 1.0179e+04 7.7938e-01
 1.0184e+04 7.7921e-01
 1.0189e+04 7.7902e-01
 1.0193e+04 7.7884e-01
 1.0198e+04 7.7867e-01
 1.0203e+04 7.7849e-01
 1.0207e+04 7.7830e-01
 1.0212e+04 7.7813e-01
 1.0217e+04 7.7795e-01
 1.0221e+04 7.7778e-01
 1.0226e+04 7.7759e-01
 1.0231e+04 7.7741e-01
 1.0235e+04 7.7724e-01
 1.0240e+04 7.7707e-01
 1.0245e+04 7.7688e-01
 1.0249e+04 7.7670e-01
 1.0254e+04 7.7653e-01
 1.0259e+04 7.7636e-01
 1.0263e+04 7.7617e-01
 1.0268e+04 7.7600e-01
 1.0273e+04 7.7582e-01
 1.0277e+04 7.7565e-01
 1.0282e+04 7.7546e-01
 1.0287e+04 7.7529e-01
 1.0291e+04 7.7511e-01
 1.0296e+04 7.7494e-01
 1.0301e+04 7.7475e-01
 1.0305e+04 7.7458e-01
 1.0310e+04 7.7441e-01
 1.0315e+04 7.7423e-01
 1.0319e+04 7.7405e-01
 1.0324e+04 7.7388e-01
 1.0329e+04 7.7371e-01
 1.0333e+04 7.7353e-01
 1.0338e+04 7.7335e-01
 1.0343e+04 7.7318e-01
 1.0347e+04 7.7301e-01
 1.0352e+04 7.7283e-01
 1.0357e+04 7.7265e-01
 1.0361e+04 7.7247e-01
 1.0366e+04 7.7231e-01
 1.0371e+04 7.7214e-01
 1.0375e+04 7.7196e-01
 1.0380e+04 7.7178e-01
 1.0385e+04 7.7161e-01
 1.0389e+04 7.7144e-01
 1.0394e+04 7.7127e-01
 1.0399e+04 7.7108e-01
 1.0403e+04 7.7091e-01
 1.0408e+04 7.7074e-01
 1.0413e+04 7.7057e-01
 1.0417e+04 7.7039e-01
 1.0422e+04 7.7022e-01
 1.0427e+04 7.7005e-01
 1.0431e+04 7.6988e-01
 1.0436e+04 7.6970e-01
 1.0441e+04 7.6953e-01
 1.0445e+04 7.6936e-01
 1.0450e+04 7.6919e-01
 1.0455e+04 7.6901e-01
 1.0459e+04 7.6884e-01
 1.0464e+04 7.6867e-01
 1.0469e+04 7.6850e-01
 1.0473e+04 7.6832e-01
 1.0478e+04 7.6815e-01
 1.0483e+04 7.6798e-01
 1.0487e+04 7.6781e-01
 1.0492e+04 7.6763e-01
 1.0497e+04 7.6746e-01
 1.0501e+04 7.6729e-01
 1.0506e+04 7.6713e-01
 1.0511e+04 7.6695e-01
 1.0515e+04 7.6678e-01
 1.0520e+04 7.6661e-01
 1.0525e+04 7.6644e-01
 1.0529e+04 7.6627e-01
 1.0534e+04 7.6610e-01
 1.0539e+04 7.6593e-01
 1.0543e+04 7.6576e-01
 1.0548e+04 7.6558e-01
 1.0553e+04 7.6541e-01
 1.0557e+04 7.6525e-01
 1.0562e+04 7.6508e-01
 1.0567e+04 7.6490e-01
 1.0571e+04 7.6474e-01
 1.0576e+04 7.6457e-01
 1.0581e+04 7.6440e-01
 1.0585e+04 7.6423e-01
 1.0590e+04 7.6406e-01
 1.0595e+04 7.6389e-01
 1.0599e+04 7.6373e-01
 1.0604e+04 7.6355e-01
 1.0609e+04 7.6339e-01
 1.0613e+04 7.6322e-01
 1.0618e+04 7.6305e-01
 1.0623e+04 7.6288e-01
 1.0627e+04 7.6271e-01
 1.0632e+04 7.6255e-01
 1.0637e+04 7.6238e-01
 1.0641e+04 7.6222e-01
 1.0646e+04 7.6205e-01
 1.0651e+04 7.6188e-01
 1.0655e+04 7.6172e-01
 1.0660e+04 7.6156e-01
 1.0665e+04 7.6138e-01
 1.0669e+04 7.6121e-01
 1.0674e+04 7.6105e-01
 1.0679e+04 7.6089e-01
 1.0683e+04 7.6071e-01
 1.0688e+04 7.6055e-01
 1.0693e+04 7.6039e-01
 1.0697e+04 7.6022e-01
 1.0702e+04 7.6004e-01
 1.0707e+04 7.5988e-01
 1.0711e+04 7.5972e-01
 1.0716e+04 7.5955e-01
 1.0721e+04 7.5938e-01
 1.0725e+04 7.5922e-01
 1.0730e+04 7.5905e-01
 1.0735e+04 7.5889e-01
 1.0739e+04 7.5871e-01
 1.0744e+04 7.5855e-01
 1.0749e+04 7.5839e-01
 1.0753e+04 7.5823e-01
 1.0758e+04 7.5806e-01
 1.0763e+04 7.5789e-01
 1.0767e+04 7.5773e-01
 1.0772e+04 7.5757e-01
 1.0777e+04 7.5740e-01
 1.0781e+04 7.5723e-01
 1.0786e+04 7.5707e-01
 1.0791e+04 7.5691e-01
 1.0795e+04 7.5674e-01
 1.0800e+04 7.5658e-01
 1.0805e+04 7.5642e-01
 1.0809e+04 7.5626e-01
 1.0814e+04 7.5608e-01
 1.0819e+04 7.5592e-01
 1.0823e+04 7.5576e-01
 1.0828e+04 7.5560e-01
 1.0833e+04 7.5543e-01
 1.0837e+04 7.5527e-01
 1.0842e+04 7.5511e-01
 1.0847e+04 7.5495e-01
 1.0851e+04 7.5477e-01
 1.0856e+04 7.5461e-01
 1.0861e+04 7.5445e-01
 1.0865e+04 7.5429e-01
 1.0870e+04 7.5412e-01
 1.0875e+04 7.5396e-01
 1.0879e+04 7.5381e-01
 1.0884e+04 7.5364e-01
 1.0889e+04 7.5348e-01
 1.0893e+04 7.5331e-01
 1.0898e+04 7.5316e-01
 1.0903e+04 7.5300e-01
 1.0907e+04 7.5283e-01
 1.0912e+04 7.5267e-01
 1.0917e+04 7.5251e-01
 1.0921e+04 7.5235e-01
 1.0926e+04 7.5219e-01
 1.0931e+04 7.5202e-01
 1.0935e+04 7.5187e-01
 1.0940e+04 7.5170e-01
 1.0945e+04 7.5155e-01
 1.0949e+04 7.5138e-01
 1.0954e+04 7.5122e-01
 1.0959e+04 7.5106e-01
 1.0963e+04 7.5091e-01
 1.0968e+04 7.5073e-01
 1.0973e+04 7.5058e-01
 1.0977e+04 7.5042e-01
 1.0982e+04 7.5027e-01
 1.0987e+04 7.5009e-01
 1.0991e+04 7.4994e-01
 1.0996e+04 7.4978e-01
 1.1001e+04 7.4962e-01
 1.1005e+04 7.4946e-01
 1.1010e+04 7.4930e-01
 1.1015e+04 7.4914e-01
 1.1019e+04 7.4899e-01
 1.1024e+04 7.4882e-01
 1.1029e+04 7.4866e-01
 1.1033e+04 7.4851e-01
 1.1038e+04 7.4835e-01
 1.1043e+04 7.4818e-01
 1.1047e+04 7.4803e-01
 1.1052e+04 7.4787e-01
 1.1057e+04 7.4772e-01
 1.1061e+04 7.4755e-01
 1.1066e+04 7.4739e-01
 1.1071e+04 7.4724e-01
 1.1075e+04 7.4708e-01
 1.1080e+04 7.4692e-01
 1.1085e+04 7.4676e-01
 1.1089e+04 7.4661e-01
 1.1094e+04 7.4645e-01
 1.1099e+04 7.4629e-01
 1.1103e+04 7.4613e-01
 1.1108e+04 7.4598e-01
 1.1113e+04 7.4582e-01
 1.1117e+04 7.4566e-01
 1.1122e+04 7.4550e-01
 1.1127e+04 7.4535e-01
 1.1131e+04 7.4520e-01
 1.1136e+04 7.4503e-01
 1.1141e+04 7.4487e-01
 1.1145e+04 7.4472e-01
 1.1150e+04 7.4457e-01
 1.1155e+04 7.4441e-01
 1.1159e+04 7.4425e-01
 1.1164e+04 7.4409e-01
 1.1169e+04 7.4394e-01
 1.1173e+04 7.4378e-01
 1.1178e+04 7.4362e-01
 1.1183e+04 7.4347e-01
 1.1187e+04 7.4332e-01
 1.1192e+04 7.4317e-01
 1.1197e+04 7.4300e-01
 1.1201e+04 7.4285e-01
 1.1206e+04 7.4270e-01
 1.1211e+04 7.4254e-01
 1.1215e+04 7.4238e-01
 1.1220e+04 7.4223e-01
 1.1225e+04 7.4207e-01
 1.1229e+04 7.4192e-01
 1.1234e+04 7.4176e-01
 1.1239e+04 7.4161e-01
 1.1243e+04 7.4145e-01
 1.1248e+04 7.4130e-01
 1.1253e+04 7.4114e-01
 1.1257e+04 7.4099e-01
 1.1262e+04 7.4084e-01
 1.1267e+04 7.4069e-01
 1.1271e+04 7.4053e-01
 1.1276e+04 7.4038e-01
 1.1281e+04 7.4022e-01
 1.1285e+04 7.4007e-01
 1.1290e+04 7.3991e-01
 1.1295e+04 7.3976e-01
 1.1299e+04 7.3961e-01
 1.1304e+04 7.3946e-01
 1.1309e+04 7.3930e-01
 1.1313e+04 7.3915e-01
 1.1318e+04 7.3900e-01
 1.1323e+04 7.3885e-01
 1.1327e+04 7.3868e-01
 1.1332e+04 7.3854e-01
 1.1337e+04 7.3839e-01
 1.1341e+04 7.3824e-01
 1.1346e+04 7.3807e-01
 1.1351e+04 7.3793e-01
 1.1355e+04 7.3778e-01
 1.1360e+04 7.3763e-01
 1.1365e+04 7.3746e-01
 1.1369e+04 7.3732e-01
 1.1374e+04 7.3717e-01
 1.1379e+04 7.3702e-01
 1.1383e+04 7.3686e-01
 1.1388e+04 7.3671e-01
 1.1393e+04 7.3656e-01
 1.1397e+04 7.3641e-01
 1.1402e+04 7.3625e-01
 1.1407e+04 7.3610e-01
 1.1411e+04 7.3596e-01
 1.1416e+04 7.3581e-01
 1.1421e+04 7.3565e-01
 1.1425e+04 7.3550e-01
 1.1430e+04 7.3535e-01
 1.1435e+04 7.3521e-01
 1.1439e+04 7.3505e-01
 1.1444e+04 7.3490e-01
 1.1449e+04 7.3475e-01
 1.1453e+04 7.3460e-01
 1.1458e+04 7.3445e-01
 1.1463e+04 7.3429e-01
 1.1467e+04 7.3415e-01
 1.1472e+04 7.3400e-01
 1.1477e+04 7.3385e-01
 1.1481e+04 7.3370e-01
 1.1486e+04 7.3355e-01
 1.1491e+04 7.3340e-01
 1.1495e+04 7.3326e-01
 1.1500e+04 7.3310e-01
 1.1505e+04 7.3295e-01
 1.1509e+04 7.3281e-01
 1.1514e+04 7.3266e-01
 1.1519e+04 7.3250e-01
 1.1523e+04 7.3236e-01
 1.1528e+04 7.3221e-01
 1.1533e+04 7.3206e-01
 1.1537e+04 7.3191e-01
 1.1542e+04 7.3176e-01
 1.1547e+04 7.3161e-01
 1.1551e+04 7.3147e-01
 1.1556e+04 7.3131e-01
 1.1561e+04 7.3117e-01
 1.1565e+04 7.3102e-01
 1.1570e+04 7.3087e-01
 1.1575e+04 7.3072e-01
 1.1579e+04 7.3057e-01
 1.1584e+04 7.3043e-01
 1.1589e+04 7.3028e-01
 1.1593e+04 7.3013e-01
 1.1598e+04 7.2999e-01
 1.1603e+04 7.2984e-01
 1.1607e+04 7.2969e-01
 1.1612e+04 7.2954e-01
 1.1617e+04 7.2940e-01
 1.1621e+04 7.2925e-01
 1.1626e+04 7.2910e-01
 1.1631e+04 7.2895e-01
 1.1635e+04 7.2881e-01
 1.1640e+04 7.2866e-01
 1.1645e+04 7.2852e-01
 1.1649e+04 7.2837e-01
 1.1654e+04 7.2822e-01
 1.1659e+04 7.2808e-01
 1.1663e+04 7.2793e-01
 1.1668e+04 7.2778e-01
 1.1673e+04 7.2764e-01
 1.1677e+04 7.2749e-01
 1.1682e+04 7.2735e-01
 1.1687e+04 7.2720e-01
 1.1691e+04 7.2705e-01
 1.1696e+04 7.2691e-01
 1.1701e+04 7.2677e-01
 1.1705e+04 7.2662e-01
 1.1710e+04 7.2647e-01
 1.1715e+04 7.2633e-01
 1.1719e+04 7.2619e-01
 1.1724e+04 7.2604e-01
 1.1729e+04 7.2589e-01
 1.1733e+04 7.2575e-01
 1.1738e+04 7.2561e-01
 1.1743e+04 7.2546e-01
 1.1747e+04 7.2531e-01
 1.1752e+04 7.2517e-01
 1.1757e+04 7.2503e-01
 1.1761e+04 7.2489e-01
 1.1766e+04 7.2473e-01
 1.1771e+04 7.2459e-01
 1.1775e+04 7.2445e-01
 1.1780e+04 7.2431e-01
 1.1785e+04 7.2416e-01
 1.1789e+04 7.2402e-01
 1.1794e+04 7.2387e-01
 1.1799e+04 7.2373e-01
 1.1803e+04 7.2358e-01
 1.1808e+04 7.2344e-01
 1.1813e+04 7.2330e-01
 1.1817e+04 7.2316e-01
 1.1822e+04 7.2301e-01
 1.1827e+04 7.2287e-01
 1.1831e+04 7.2273e-01
 1.1836e+04 7.2259e-01
 1.1841e+04 7.2243e-01
 1.1845e+04 7.2230e-01
 1.1850e+04 7.2215e-01
 1.1855e+04 7.2201e-01
 1.1859e+04 7.2186e-01
 1.1864e+04 7.2172e-01
 1.1869e+04 7.2158e-01
 1.1873e+04 7.2144e-01
 1.1878e+04 7.2129e-01
 1.1883e+04 7.2115e-01
 1.1887e+04 7.2101e-01
 1.1892e+04 7.2087e-01
 1.1897e+04 7.2073e-01
 1.1901e+04 7.2058e-01
 1.1906e+04 7.2045e-01
 1.1911e+04 7.2031e-01
 1.1915e+04 7.2016e-01
 1.1920e+04 7.2002e-01
 1.1925e+04 7.1988e-01
 1.1929e+04 7.1974e-01
 1.1934e+04 7.1959e-01
 1.1939e+04 7.1945e-01
 1.1943e+04 7.1931e-01
 1.1948e+04 7.1918e-01
 1.1953e+04 7.1903e-01
 1.1957e+04 7.1889e-01
 1.1962e+04 7.1875e-01
 1.1967e+04 7.1861e-01
 1.1971e+04 7.1847e-01
 1.1976e+04 7.1833e-01
 1.1981e+04 7.1819e-01
 1.1985e+04 7.1805e-01
 1.1990e+04 7.1791e-01
 1.1995e+04 7.1777e-01
 1.1999e+04 7.1763e-01
