 1.4060e+03 2.5112e-01
 1.4107e+03 2.4479e-01
 1.4153e+03 2.3870e-01
 1.4200e+03 2.3278e-01
 1.4247e+03 2.2697e-01
 1.4293e+03 2.3090e-01
 1.4340e+03 2.3207e-01
 1.4387e+03 2.3089e-01
 1.4433e+03 2.2970e-01
 1.4480e+03 2.2851e-01
 1.4527e+03 2.2734e-01
 1.4573e+03 2.2619e-01
 1.4620e+03 2.2502e-01
 1.4667e+03 2.2386e-01
 1.4713e+03 2.2270e-01
 1.4760e+03 2.2155e-01
 1.4807e+03 2.2041e-01
 1.4853e+03 2.1944e-01
 1.4900e+03 2.2145e-01
 1.4947e+03 2.1694e-01
 1.4993e+03 2.1256e-01
 1.5040e+03 2.1077e-01
 1.5087e+03 2.0945e-01
 1.5133e+03 2.0814e-01
 1.5180e+03 2.0686e-01
 1.5227e+03 2.0558e-01
 1.5273e+03 2.0429e-01
 1.5320e+03 2.0301e-01
 1.5367e+03 2.0175e-01
 1.5413e+03 2.0049e-01
 1.5460e+03 1.9924e-01
 1.5507e+03 1.9565e-01
 1.5553e+03 1.8203e-01
 1.5600e+03 1.8061e-01
 1.5647e+03 1.7920e-01
 1.5693e+03 1.7779e-01
 1.5740e+03 1.7640e-01
 1.5787e+03 1.7503e-01
 1.5833e+03 1.7366e-01
 1.5880e+03 1.7229e-01
 1.5927e+03 1.7094e-01
 1.5973e+03 1.6961e-01
 1.6020e+03 1.7637e-01
 1.6067e+03 1.7775e-01
 1.6113e+03 1.7908e-01
 1.6160e+03 1.8041e-01
 1.6207e+03 1.8176e-01
 1.6253e+03 1.8311e-01
 1.6300e+03 1.8450e-01
 1.6347e+03 1.8587e-01
 1.6393e+03 1.8725e-01
 1.6440e+03 1.8864e-01
 1.6487e+03 1.9007e-01
 1.6533e+03 1.9148e-01
 1.6580e+03 1.8733e-01
 1.6627e+03 1.8637e-01
 1.6673e+03 1.8581e-01
 1.6720e+03 1.8526e-01
 1.6767e+03 1.8471e-01
 1.6813e+03 1.8416e-01
 1.6860e+03 1.8360e-01
 1.6907e+03 1.8306e-01
 1.6953e+03 1.8251e-01
 1.7000e+03 1.8197e-01
 1.7047e+03 1.8142e-01
 1.7093e+03 1.8027e-01
 1.7140e+03 1.8515e-01
 1.7187e+03 1.9018e-01
 1.7233e+03 1.9533e-01
 1.7280e+03 2.0071e-01
 1.7327e+03 2.0614e-01
 1.7373e+03 2.1173e-01
 1.7420e+03 2.1747e-01
 1.7467e+03 2.2345e-01
 1.7513e+03 2.2952e-01
 1.7560e+03 2.5018e-01
 1.7607e+03 2.4702e-01
 1.7653e+03 2.4115e-01
 1.7700e+03 2.3542e-01
 1.7747e+03 2.2989e-01
 1.7793e+03 2.2445e-01
 1.7840e+03 2.1917e-01
 1.7887e+03 2.1391e-01
 1.7933e+03 2.0888e-01
 1.7980e+03 2.0394e-01
 1.8027e+03 1.9898e-01
 1.8073e+03 1.9392e-01
 1.8120e+03 1.8907e-01
 1.8167e+03 1.8435e-01
 1.8213e+03 1.7974e-01
 1.8260e+03 2.3156e-01
 1.8307e+03 2.2996e-01
 1.8353e+03 2.2838e-01
 1.8400e+03 2.2681e-01
 1.8447e+03 2.2524e-01
 1.8493e+03 2.2367e-01
 1.8540e+03 2.2213e-01
 1.8587e+03 2.2060e-01
 1.8633e+03 2.1908e-01
 1.8680e+03 2.1754e-01
 1.8727e+03 2.1605e-01
 1.8773e+03 2.1456e-01
 1.8820e+03 2.1309e-01
 1.8867e+03 2.1159e-01
 1.8913e+03 2.1013e-01
 1.8960e+03 2.0869e-01
 1.9007e+03 2.0721e-01
 1.9053e+03 2.0555e-01
 1.9100e+03 2.0392e-01
 1.9147e+03 2.0231e-01
 1.9193e+03 2.0070e-01
 1.9240e+03 1.9911e-01
 1.9287e+03 1.9751e-01
 1.9333e+03 1.9595e-01
 1.9380e+03 1.9439e-01
 1.9427e+03 1.9286e-01
 1.9473e+03 1.9130e-01
 1.9520e+03 1.8723e-01
 1.9567e+03 1.4961e-01
 1.9613e+03 1.5199e-01
 1.9660e+03 1.5445e-01
 1.9707e+03 1.5690e-01
 1.9753e+03 1.5940e-01
 1.9800e+03 1.6194e-01
 1.9847e+03 1.6454e-01
 1.9893e+03 1.6717e-01
 1.9940e+03 1.6983e-01
 1.9987e+03 1.7254e-01
 2.0033e+03 1.7525e-01
 2.0080e+03 1.7802e-01
 2.0127e+03 1.8080e-01
 2.0173e+03 1.8363e-01
 2.0220e+03 1.8649e-01
 2.0267e+03 1.8946e-01
 2.0313e+03 1.9240e-01
 2.0360e+03 2.0935e-01
 2.0407e+03 2.0933e-01
 2.0453e+03 2.0830e-01
 2.0500e+03 2.0730e-01
 2.0547e+03 2.0630e-01
 2.0593e+03 2.0530e-01
 2.0640e+03 2.0430e-01
 2.0687e+03 2.0331e-01
 2.0733e+03 2.0232e-01
 2.0780e+03 2.0134e-01
 2.0827e+03 2.0037e-01
 2.0873e+03 1.9938e-01
 2.0920e+03 1.9842e-01
 2.0967e+03 1.9746e-01
 2.1013e+03 1.9652e-01
 2.1060e+03 1.9561e-01
 2.1107e+03 1.9473e-01
 2.1153e+03 1.9384e-01
 2.1200e+03 1.9297e-01
 2.1247e+03 1.9207e-01
 2.1293e+03 1.9120e-01
 2.1340e+03 1.8624e-01
 2.1387e+03 1.7663e-01
 2.1433e+03 1.7738e-01
 2.1480e+03 1.7814e-01
 2.1527e+03 1.7890e-01
 2.1573e+03 1.7967e-01
 2.1620e+03 1.8043e-01
 2.1667e+03 1.8121e-01
 2.1713e+03 1.8198e-01
 2.1760e+03 1.8276e-01
 2.1807e+03 1.8353e-01
 2.1853e+03 1.8433e-01
 2.1900e+03 1.8511e-01
 2.1947e+03 1.8591e-01
 2.1993e+03 1.8670e-01
 2.2040e+03 1.8759e-01
 2.2087e+03 1.8849e-01
 2.2133e+03 1.8939e-01
 2.2180e+03 2.0211e-01
 2.2227e+03 2.0496e-01
 2.2273e+03 2.0577e-01
 2.2320e+03 2.0656e-01
 2.2367e+03 2.0736e-01
 2.2413e+03 2.0816e-01
 2.2460e+03 2.0898e-01
 2.2507e+03 2.0978e-01
 2.2553e+03 2.1059e-01
 2.2600e+03 2.1140e-01
 2.2647e+03 2.1223e-01
 2.2693e+03 2.1305e-01
 2.2740e+03 2.1387e-01
 2.2787e+03 2.1470e-01
 2.2833e+03 2.1554e-01
 2.2880e+03 2.1637e-01
 2.2927e+03 2.1720e-01
 2.2973e+03 2.1804e-01
 2.3020e+03 2.1889e-01
 2.3067e+03 2.1974e-01
 2.3113e+03 2.2058e-01
 2.3160e+03 2.2094e-01
 2.3207e+03 2.1544e-01
 2.3253e+03 2.1430e-01
 2.3300e+03 2.1319e-01
 2.3347e+03 2.1207e-01
 2.3393e+03 2.1097e-01
 2.3440e+03 2.0986e-01
 2.3487e+03 2.0877e-01
 2.3533e+03 2.0768e-01
 2.3580e+03 2.0661e-01
 2.3627e+03 2.0551e-01
 2.3673e+03 2.0445e-01
 2.3720e+03 2.0338e-01
 2.3767e+03 2.0232e-01
 2.3813e+03 2.0127e-01
 2.3860e+03 2.0021e-01
 2.3907e+03 1.9917e-01
 2.3953e+03 1.9813e-01
 2.4000e+03 1.9711e-01
 2.4047e+03 1.9611e-01
 2.4093e+03 1.8576e-01
 2.4140e+03 1.3709e-01
 2.4187e+03 1.3485e-01
 2.4233e+03 1.3260e-01
 2.4280e+03 1.3043e-01
 2.4327e+03 1.2829e-01
 2.4373e+03 1.2619e-01
 2.4420e+03 1.2410e-01
 2.4467e+03 1.1527e-01
 2.4513e+03 1.0653e-01
 2.4560e+03 9.8742e-02
 2.4607e+03 9.1493e-02
 2.4653e+03 8.4690e-02
 2.4700e+03 7.8478e-02
 2.4747e+03 7.2753e-02
 2.4793e+03 7.3079e-02
 2.4840e+03 7.5945e-02
 2.4887e+03 7.8857e-02
 2.4933e+03 8.1908e-02
 2.4980e+03 8.5051e-02
 2.5027e+03 8.8392e-02
 2.5073e+03 9.3671e-02
 2.5120e+03 9.8157e-02
 2.5167e+03 9.9355e-02
 2.5213e+03 1.0058e-01
 2.5260e+03 1.0182e-01
 2.5307e+03 1.0308e-01
 2.5353e+03 1.0433e-01
 2.5400e+03 1.0561e-01
 2.5447e+03 1.3362e-01
 2.5493e+03 1.3498e-01
 2.5540e+03 1.3637e-01
 2.5587e+03 1.3776e-01
 2.5633e+03 1.3920e-01
 2.5680e+03 1.4062e-01
 2.5727e+03 1.4207e-01
 2.5773e+03 1.4352e-01
 2.5820e+03 1.4501e-01
 2.5867e+03 1.4650e-01
 2.5913e+03 1.4800e-01
 2.5960e+03 1.4952e-01
 2.6007e+03 1.5106e-01
 2.6053e+03 1.2589e-01
 2.6100e+03 1.1060e-01
 2.6147e+03 1.0803e-01
 2.6193e+03 1.0550e-01
 2.6240e+03 1.0301e-01
 2.6287e+03 1.0060e-01
 2.6333e+03 1.0621e-01
 2.6380e+03 1.0918e-01
 2.6427e+03 1.1202e-01
 2.6473e+03 1.1487e-01
 2.6520e+03 1.1781e-01
 2.6567e+03 1.2081e-01
 2.6613e+03 1.2394e-01
 2.6660e+03 1.2392e-01
 2.6707e+03 1.2338e-01
 2.6753e+03 1.2285e-01
 2.6800e+03 1.2232e-01
 2.6847e+03 1.2179e-01
 2.6893e+03 1.2127e-01
 2.6940e+03 1.2048e-01
 2.6987e+03 1.1870e-01
 2.7033e+03 1.1693e-01
 2.7080e+03 1.1521e-01
 2.7127e+03 1.1353e-01
 2.7173e+03 1.1186e-01
 2.7220e+03 1.1019e-01
 2.7267e+03 1.0938e-01
 2.7313e+03 1.0914e-01
 2.7360e+03 1.0891e-01
 2.7407e+03 1.0868e-01
 2.7453e+03 1.0844e-01
 2.7500e+03 1.0821e-01
 2.7547e+03 1.1265e-01
 2.7593e+03 1.4100e-01
 2.7640e+03 1.4137e-01
 2.7687e+03 1.4174e-01
 2.7733e+03 1.4210e-01
 2.7780e+03 1.4247e-01
 2.7827e+03 1.4284e-01
 2.7873e+03 1.4321e-01
 2.7920e+03 1.4359e-01
 2.7967e+03 1.4395e-01
 2.8013e+03 1.4434e-01
 2.8060e+03 1.4475e-01
 2.8107e+03 1.4517e-01
 2.8153e+03 1.4558e-01
 2.8200e+03 1.1318e-01
 2.8247e+03 1.1392e-01
 2.8293e+03 1.1467e-01
 2.8340e+03 1.1542e-01
 2.8387e+03 1.1617e-01
 2.8433e+03 1.1695e-01
 2.8480e+03 1.1774e-01
 2.8527e+03 1.1874e-01
 2.8573e+03 1.1977e-01
 2.8620e+03 1.2082e-01
 2.8667e+03 1.2187e-01
 2.8713e+03 1.2293e-01
 2.8760e+03 1.2399e-01
 2.8807e+03 1.2596e-01
 2.8853e+03 1.2948e-01
 2.8900e+03 1.3312e-01
 2.8947e+03 1.3683e-01
 2.8993e+03 1.5008e-01
 2.9040e+03 1.9337e-01
 2.9087e+03 1.9746e-01
 2.9133e+03 2.0096e-01
 2.9180e+03 2.0426e-01
 2.9227e+03 2.0765e-01
 2.9273e+03 2.1107e-01
 2.9320e+03 2.1452e-01
 2.9367e+03 2.1804e-01
 2.9413e+03 2.1214e-01
 2.9460e+03 2.0444e-01
 2.9507e+03 2.0369e-01
 2.9553e+03 2.0294e-01
 2.9600e+03 2.0218e-01
 2.9647e+03 2.1114e-01
 2.9693e+03 2.3646e-01
 2.9740e+03 2.3296e-01
 2.9787e+03 2.2947e-01
 2.9833e+03 2.2603e-01
 2.9880e+03 2.2267e-01
 2.9927e+03 2.1937e-01
 2.9973e+03 2.1610e-01
 3.0020e+03 2.1285e-01
 3.0067e+03 1.9689e-01
 3.0113e+03 1.7360e-01
 3.0160e+03 1.7339e-01
 3.0207e+03 1.7319e-01
 3.0253e+03 1.7304e-01
 3.0300e+03 1.7288e-01
 3.0347e+03 1.8701e-01
 3.0393e+03 1.9428e-01
 3.0440e+03 1.9951e-01
 3.0487e+03 2.0487e-01
 3.0533e+03 2.1034e-01
 3.0580e+03 2.1602e-01
 3.0627e+03 2.2190e-01
 3.0673e+03 1.9599e-01
 3.0720e+03 2.0097e-01
 3.0767e+03 2.0746e-01
 3.0813e+03 2.1422e-01
 3.0860e+03 2.4349e-01
 3.0907e+03 2.4355e-01
 3.0953e+03 2.4345e-01
 3.1000e+03 2.4335e-01
 3.1047e+03 2.4331e-01
 3.1093e+03 2.4328e-01
 3.1140e+03 2.9478e-01
 3.1187e+03 3.3343e-01
 3.1233e+03 3.3555e-01
 3.1280e+03 3.3768e-01
 3.1327e+03 3.3981e-01
 3.1373e+03 3.4197e-01
 3.1420e+03 3.4419e-01
 3.1467e+03 3.4643e-01
 3.1513e+03 3.4868e-01
 3.1560e+03 3.5095e-01
 3.1607e+03 3.5326e-01
 3.1653e+03 3.5556e-01
 3.1700e+03 3.5786e-01
 3.1747e+03 3.6019e-01
 3.1793e+03 3.6257e-01
 3.1840e+03 3.6510e-01
 3.1887e+03 3.6768e-01
 3.1933e+03 3.7028e-01
 3.1980e+03 3.7291e-01
 3.2027e+03 3.1325e-01
 3.2073e+03 3.1349e-01
 3.2120e+03 3.1406e-01
 3.2167e+03 3.1463e-01
 3.2213e+03 3.1522e-01
 3.2260e+03 3.1582e-01
 3.2307e+03 3.1643e-01
 3.2353e+03 3.1703e-01
 3.2400e+03 3.1785e-01
 3.2447e+03 3.2042e-01
 3.2493e+03 3.2319e-01
 3.2540e+03 3.2600e-01
 3.2587e+03 3.2887e-01
 3.2633e+03 3.3179e-01
 3.2680e+03 3.3474e-01
 3.2727e+03 3.3773e-01
 3.2773e+03 3.4077e-01
 3.2820e+03 3.4267e-01
 3.2867e+03 3.4303e-01
 3.2913e+03 3.4339e-01
 3.2960e+03 3.4375e-01
 3.3007e+03 3.4414e-01
 3.3053e+03 3.4463e-01
 3.3100e+03 3.4512e-01
 3.3147e+03 3.4561e-01
 3.3193e+03 3.4609e-01
 3.3240e+03 3.4634e-01
 3.3287e+03 3.4653e-01
 3.3333e+03 3.4672e-01
 3.3380e+03 3.4691e-01
 3.3427e+03 3.4711e-01
 3.3473e+03 3.4732e-01
 3.3520e+03 3.4752e-01
 3.3567e+03 3.4772e-01
 3.3613e+03 3.4860e-01
 3.3660e+03 3.5112e-01
 3.3707e+03 3.5366e-01
 3.3753e+03 3.5622e-01
 3.3800e+03 3.5883e-01
 3.3847e+03 3.6149e-01
 3.3893e+03 3.6417e-01
 3.3940e+03 3.6687e-01
 3.3987e+03 3.6962e-01
 3.4033e+03 3.7086e-01
 3.4080e+03 3.7152e-01
 3.4127e+03 3.7219e-01
 3.4173e+03 3.7286e-01
 3.4220e+03 3.7349e-01
 3.4267e+03 3.7406e-01
 3.4313e+03 3.7464e-01
 3.4360e+03 3.7522e-01
 3.4407e+03 3.7604e-01
 3.4453e+03 3.7790e-01
 3.4500e+03 3.7982e-01
 3.4547e+03 3.8174e-01
 3.4593e+03 3.8370e-01
 3.4640e+03 3.8566e-01
 3.4687e+03 3.8762e-01
 3.4733e+03 3.8960e-01
 3.4780e+03 3.9161e-01
 3.4827e+03 3.9300e-01
 3.4873e+03 3.9394e-01
 3.4920e+03 3.9488e-01
 3.4967e+03 3.9583e-01
 3.5013e+03 3.9700e-01
 3.5060e+03 3.9867e-01
 3.5107e+03 4.0036e-01
 3.5153e+03 4.0203e-01
 3.5200e+03 4.0383e-01
 3.5247e+03 4.0631e-01
 3.5293e+03 4.0887e-01
 3.5340e+03 4.1145e-01
 3.5387e+03 4.1407e-01
 3.5433e+03 4.1458e-01
 3.5480e+03 4.1426e-01
 3.5527e+03 4.1395e-01
 3.5573e+03 4.1362e-01
 3.5620e+03 4.1168e-01
 3.5667e+03 4.0769e-01
 3.5713e+03 4.0372e-01
 3.5760e+03 3.9977e-01
 3.5807e+03 3.9589e-01
 3.5853e+03 3.9231e-01
 3.5900e+03 3.8875e-01
 3.5947e+03 3.8523e-01
 3.5993e+03 3.8194e-01
 3.6040e+03 3.8506e-01
 3.6087e+03 3.8958e-01
 3.6133e+03 3.9415e-01
 3.6180e+03 3.9884e-01
 3.6227e+03 4.0495e-01
 3.6273e+03 4.1317e-01
 3.6320e+03 4.0712e-01
 3.6367e+03 4.2257e-01
 3.6413e+03 4.1102e-01
 3.6460e+03 4.2050e-01
 3.6507e+03 4.4574e-01
 3.6553e+03 4.7737e-01
 3.6600e+03 5.0700e-01
 3.6647e+03 5.0102e-01
 3.6693e+03 4.8438e-01
 3.6740e+03 4.8908e-01
 3.6787e+03 4.7064e-01
 3.6833e+03 4.3876e-01
 3.6880e+03 4.6349e-01
 3.6927e+03 4.8836e-01
 3.6973e+03 5.0777e-01
 3.7020e+03 4.8076e-01
 3.7067e+03 4.6532e-01
 3.7113e+03 4.6391e-01
 3.7160e+03 4.9433e-01
 3.7207e+03 4.8272e-01
 3.7253e+03 5.6523e-01
 3.7300e+03 5.8651e-01
 3.7347e+03 4.3951e-01
 3.7393e+03 4.1454e-01
 3.7440e+03 4.0784e-01
 3.7487e+03 3.9764e-01
 3.7533e+03 4.3995e-01
 3.7580e+03 4.8228e-01
 3.7627e+03 4.8281e-01
 3.7673e+03 4.9185e-01
 3.7720e+03 5.0515e-01
 3.7767e+03 5.4500e-01
 3.7813e+03 5.8274e-01
 3.7860e+03 5.6666e-01
 3.7907e+03 5.0509e-01
 3.7953e+03 4.3885e-01
 3.8000e+03 4.5077e-01
 3.8047e+03 5.0763e-01
 3.8093e+03 5.3658e-01
 3.8140e+03 5.0984e-01
 3.8187e+03 4.7629e-01
 3.8233e+03 4.4449e-01
 3.8280e+03 4.0987e-01
 3.8327e+03 3.6739e-01
 3.8373e+03 3.7132e-01
 3.8420e+03 4.1084e-01
 3.8467e+03 4.7391e-01
 3.8513e+03 5.0178e-01
 3.8560e+03 4.9920e-01
 3.8607e+03 4.8654e-01
 3.8653e+03 5.1754e-01
 3.8700e+03 5.1568e-01
 3.8747e+03 4.9786e-01
 3.8793e+03 4.9373e-01
 3.8840e+03 4.5615e-01
 3.8887e+03 4.4791e-01
 3.8933e+03 4.9660e-01
 3.8980e+03 5.5302e-01
 3.9027e+03 5.6034e-01
 3.9073e+03 5.7477e-01
 3.9120e+03 6.2261e-01
 3.9167e+03 6.2164e-01
 3.9213e+03 5.4065e-01
 3.9260e+03 4.7035e-01
 3.9307e+03 3.8848e-01
 3.9353e+03 3.4471e-01
 3.9400e+03 4.1242e-01
 3.9447e+03 5.1469e-01
 3.9493e+03 5.8457e-01
 3.9540e+03 6.0575e-01
 3.9587e+03 5.6555e-01
 3.9633e+03 4.4665e-01
 3.9680e+03 3.4737e-01
 3.9727e+03 3.6218e-01
 3.9773e+03 4.9623e-01
 3.9820e+03 6.3221e-01
 3.9867e+03 6.9506e-01
 3.9913e+03 7.3643e-01
 3.9960e+03 7.4840e-01
 4.0007e+03 7.6098e-01
 4.0053e+03 7.6446e-01
 4.0100e+03 7.7391e-01
 4.0147e+03 7.9850e-01
 4.0193e+03 8.3486e-01
 4.0240e+03 8.3030e-01
 4.0287e+03 7.9224e-01
 4.0333e+03 7.5468e-01
 4.0380e+03 8.0896e-01
 4.0427e+03 8.1608e-01
 4.0473e+03 7.7323e-01
 4.0520e+03 8.1450e-01
 4.0567e+03 7.9754e-01
 4.0613e+03 7.5807e-01
 4.0660e+03 7.4199e-01
 4.0707e+03 7.6779e-01
 4.0753e+03 7.6423e-01
 4.0800e+03 7.6847e-01
 4.0847e+03 7.9199e-01
 4.0893e+03 8.0411e-01
 4.0940e+03 7.8696e-01
 4.0987e+03 7.1227e-01
 4.1033e+03 6.6804e-01
 4.1080e+03 7.1492e-01
 4.1127e+03 7.5852e-01
 4.1173e+03 7.9314e-01
 4.1220e+03 7.9635e-01
 4.1267e+03 8.0014e-01
 4.1313e+03 7.7787e-01
 4.1360e+03 7.9426e-01
 4.1407e+03 8.2102e-01
 4.1453e+03 7.9519e-01
 4.1500e+03 7.8185e-01
 4.1547e+03 7.7585e-01
 4.1593e+03 8.1943e-01
 4.1640e+03 8.5880e-01
 4.1687e+03 8.4818e-01
 4.1733e+03 7.9538e-01
 4.1780e+03 7.6875e-01
 4.1827e+03 8.1685e-01
 4.1873e+03 8.1286e-01
 4.1920e+03 8.0843e-01
 4.1967e+03 8.1411e-01
 4.2013e+03 7.7683e-01
 4.2060e+03 8.2613e-01
 4.2107e+03 8.5571e-01
 4.2153e+03 8.4607e-01
 4.2200e+03 8.4789e-01
 4.2247e+03 7.9215e-01
 4.2293e+03 7.4797e-01
 4.2340e+03 8.1459e-01
 4.2387e+03 8.4258e-01
 4.2433e+03 8.6104e-01
 4.2480e+03 8.4778e-01
 4.2527e+03 8.1202e-01
 4.2573e+03 8.1608e-01
 4.2620e+03 8.1526e-01
 4.2667e+03 8.4716e-01
 4.2713e+03 7.9816e-01
 4.2760e+03 7.7487e-01
 4.2807e+03 8.2143e-01
 4.2853e+03 8.0971e-01
 4.2900e+03 7.7879e-01
 4.2947e+03 7.3786e-01
 4.2993e+03 7.0179e-01
 4.3040e+03 6.3518e-01
 4.3087e+03 6.2787e-01
 4.3133e+03 7.0880e-01
 4.3180e+03 8.6653e-01
 4.3227e+03 8.4973e-01
 4.3273e+03 7.6724e-01
 4.3320e+03 8.6521e-01
 4.3367e+03 8.4445e-01
 4.3413e+03 7.7641e-01
 4.3460e+03 7.9912e-01
 4.3507e+03 8.6803e-01
 4.3553e+03 8.5945e-01
 4.3600e+03 8.9566e-01
 4.3647e+03 9.4036e-01
 4.3693e+03 9.2310e-01
 4.3740e+03 8.8820e-01
 4.3787e+03 8.7021e-01
 4.3833e+03 8.2688e-01
 4.3880e+03 7.8692e-01
 4.3927e+03 8.3382e-01
 4.3973e+03 8.9989e-01
 4.4020e+03 8.9594e-01
 4.4067e+03 8.5063e-01
 4.4113e+03 8.9196e-01
 4.4160e+03 9.2250e-01
 4.4207e+03 9.2666e-01
 4.4253e+03 9.4007e-01
 4.4300e+03 9.3474e-01
 4.4347e+03 9.1298e-01
 4.4393e+03 9.3954e-01
 4.4440e+03 9.6324e-01
 4.4487e+03 9.7934e-01
 4.4533e+03 9.7526e-01
 4.4580e+03 9.0356e-01
 4.4627e+03 8.9662e-01
 4.4673e+03 9.3947e-01
 4.4720e+03 9.6804e-01
 4.4767e+03 1.0178e+00
 4.4813e+03 1.0084e+00
 4.4860e+03 1.0134e+00
 4.4907e+03 1.0012e+00
 4.4953e+03 1.0030e+00
 4.5000e+03 1.0250e+00
 4.5047e+03 1.0743e+00
 4.5093e+03 1.0834e+00
 4.5140e+03 1.0593e+00
 4.5187e+03 1.0384e+00
 4.5233e+03 1.0252e+00
 4.5280e+03 9.6121e-01
 4.5327e+03 9.2723e-01
 4.5373e+03 9.7401e-01
 4.5420e+03 1.0251e+00
 4.5467e+03 1.0035e+00
 4.5513e+03 9.8926e-01
 4.5560e+03 1.0132e+00
 4.5607e+03 1.0521e+00
 4.5653e+03 1.0551e+00
 4.5700e+03 1.0590e+00
 4.5747e+03 1.0609e+00
 4.5793e+03 1.0434e+00
 4.5840e+03 1.0059e+00
 4.5887e+03 1.0251e+00
 4.5933e+03 1.0220e+00
 4.5980e+03 1.0193e+00
 4.6027e+03 1.0326e+00
 4.6073e+03 1.0639e+00
 4.6120e+03 1.0859e+00
 4.6167e+03 1.0909e+00
 4.6213e+03 1.0787e+00
 4.6260e+03 1.0900e+00
 4.6307e+03 1.0784e+00
 4.6353e+03 1.0574e+00
 4.6400e+03 1.0353e+00
 4.6447e+03 1.0166e+00
 4.6493e+03 9.8637e-01
 4.6540e+03 1.0230e+00
 4.6587e+03 1.0581e+00
 4.6633e+03 1.0562e+00
 4.6680e+03 9.9763e-01
 4.6727e+03 9.8862e-01
 4.6773e+03 1.0232e+00
 4.6820e+03 1.0239e+00
 4.6867e+03 1.0273e+00
 4.6913e+03 1.0346e+00
 4.6960e+03 1.0225e+00
 4.7007e+03 9.9596e-01
 4.7053e+03 9.7302e-01
 4.7100e+03 9.8989e-01
 4.7147e+03 1.0132e+00
 4.7193e+03 1.0570e+00
 4.7240e+03 1.0719e+00
 4.7287e+03 1.0297e+00
 4.7333e+03 1.0021e+00
 4.7380e+03 1.0302e+00
 4.7427e+03 1.0462e+00
 4.7473e+03 1.0638e+00
 4.7520e+03 1.0523e+00
 4.7567e+03 1.0411e+00
 4.7613e+03 1.0272e+00
 4.7660e+03 1.0068e+00
 4.7707e+03 1.0046e+00
 4.7753e+03 1.0461e+00
 4.7800e+03 1.0556e+00
 4.7847e+03 1.0405e+00
 4.7893e+03 1.0207e+00
 4.7940e+03 1.0441e+00
 4.7987e+03 1.0629e+00
 4.8033e+03 1.0576e+00
 4.8080e+03 1.0484e+00
 4.8127e+03 1.0497e+00
 4.8173e+03 1.0645e+00
 4.8220e+03 1.0655e+00
 4.8267e+03 1.0381e+00
 4.8313e+03 1.0366e+00
 4.8360e+03 1.0355e+00
 4.8407e+03 1.0234e+00
 4.8453e+03 1.0160e+00
 4.8500e+03 9.9986e-01
 4.8547e+03 9.6908e-01
 4.8593e+03 9.5786e-01
 4.8640e+03 9.6786e-01
 4.8687e+03 9.2567e-01
 4.8733e+03 9.2176e-01
 4.8780e+03 9.5738e-01
 4.8827e+03 9.8968e-01
 4.8873e+03 9.6800e-01
 4.8920e+03 9.6644e-01
 4.8967e+03 1.0287e+00
 4.9013e+03 1.0510e+00
 4.9060e+03 1.0412e+00
 4.9107e+03 1.0319e+00
 4.9153e+03 1.0076e+00
 4.9200e+03 9.8826e-01
 4.9247e+03 9.6441e-01
 4.9293e+03 1.0244e+00
 4.9340e+03 1.0461e+00
 4.9387e+03 1.0174e+00
 4.9433e+03 1.0284e+00
 4.9480e+03 1.0647e+00
 4.9527e+03 1.0650e+00
 4.9573e+03 1.0430e+00
 4.9620e+03 1.0369e+00
 4.9667e+03 1.0358e+00
 4.9713e+03 1.0192e+00
 4.9760e+03 1.0353e+00
 4.9807e+03 9.9242e-01
 4.9853e+03 9.5477e-01
 4.9900e+03 9.7988e-01
 4.9947e+03 9.8902e-01
 4.9993e+03 9.7975e-01
 5.0040e+03 9.8040e-01
 5.0087e+03 1.0014e+00
 5.0133e+03 9.6376e-01
 5.0180e+03 9.2023e-01
 5.0227e+03 9.2986e-01
 5.0273e+03 9.5474e-01
 5.0320e+03 9.8237e-01
 5.0367e+03 9.6323e-01
 5.0413e+03 9.3309e-01
 5.0460e+03 9.4829e-01
 5.0507e+03 9.7508e-01
 5.0553e+03 1.0020e+00
 5.0600e+03 1.0255e+00
 5.0647e+03 1.0049e+00
 5.0693e+03 9.8067e-01
 5.0740e+03 9.6752e-01
 5.0787e+03 9.5551e-01
 5.0833e+03 9.3488e-01
 5.0880e+03 9.5863e-01
 5.0927e+03 9.7978e-01
 5.0973e+03 9.8009e-01
 5.1020e+03 9.6992e-01
 5.1067e+03 9.6643e-01
 5.1113e+03 9.7528e-01
 5.1160e+03 9.7846e-01
 5.1207e+03 9.8948e-01
 5.1253e+03 9.7903e-01
 5.1300e+03 9.5043e-01
 5.1347e+03 9.4519e-01
 5.1393e+03 9.3487e-01
 5.1440e+03 9.4381e-01
 5.1487e+03 9.3016e-01
 5.1533e+03 9.2804e-01
 5.1580e+03 9.3338e-01
 5.1627e+03 9.5674e-01
 5.1673e+03 9.0544e-01
 5.1720e+03 8.0829e-01
 5.1767e+03 8.1691e-01
 5.1813e+03 8.4075e-01
 5.1860e+03 8.6769e-01
 5.1907e+03 8.9968e-01
 5.1953e+03 9.3697e-01
 5.2000e+03 9.6525e-01
 5.2047e+03 9.6139e-01
 5.2093e+03 9.3516e-01
 5.2140e+03 9.5365e-01
 5.2187e+03 9.8410e-01
 5.2233e+03 1.0092e+00
 5.2280e+03 9.8528e-01
 5.2327e+03 9.8381e-01
 5.2373e+03 9.9922e-01
 5.2420e+03 1.0272e+00
 5.2467e+03 1.0254e+00
 5.2513e+03 9.9287e-01
 5.2560e+03 1.0058e+00
 5.2607e+03 1.0071e+00
 5.2653e+03 9.6424e-01
 5.2700e+03 8.9138e-01
 5.2747e+03 9.2553e-01
 5.2793e+03 9.8514e-01
 5.2840e+03 1.0270e+00
 5.2887e+03 1.0623e+00
 5.2933e+03 1.0812e+00
 5.2980e+03 1.0542e+00
 5.3027e+03 1.0351e+00
 5.3073e+03 1.0766e+00
 5.3120e+03 1.0967e+00
 5.3167e+03 1.0933e+00
 5.3213e+03 1.0723e+00
 5.3260e+03 1.0247e+00
 5.3307e+03 9.8603e-01
 5.3353e+03 1.0190e+00
 5.3400e+03 1.0466e+00
 5.3447e+03 1.0544e+00
 5.3493e+03 1.0458e+00
 5.3540e+03 1.0761e+00
 5.3587e+03 1.1101e+00
 5.3633e+03 1.1064e+00
 5.3680e+03 1.0597e+00
 5.3727e+03 1.0420e+00
 5.3773e+03 1.0534e+00
 5.3820e+03 1.0829e+00
 5.3867e+03 1.0852e+00
 5.3913e+03 1.0635e+00
 5.3960e+03 1.0428e+00
 5.4007e+03 1.0135e+00
 5.4053e+03 9.8995e-01
 5.4100e+03 9.8569e-01
 5.4147e+03 1.0064e+00
 5.4193e+03 1.0342e+00
 5.4240e+03 1.0878e+00
 5.4287e+03 1.0836e+00
 5.4333e+03 1.0306e+00
 5.4380e+03 1.0200e+00
 5.4427e+03 1.0518e+00
 5.4473e+03 1.0672e+00
 5.4520e+03 1.0655e+00
 5.4567e+03 1.0472e+00
 5.4613e+03 1.0350e+00
 5.4660e+03 1.0584e+00
 5.4707e+03 1.0664e+00
 5.4753e+03 1.0499e+00
 5.4800e+03 1.0307e+00
 5.4847e+03 1.0426e+00
 5.4893e+03 1.0549e+00
 5.4940e+03 1.0550e+00
 5.4987e+03 1.0582e+00
 5.5033e+03 1.0435e+00
 5.5080e+03 1.0695e+00
 5.5127e+03 1.0440e+00
 5.5173e+03 1.0379e+00
 5.5220e+03 1.0454e+00
 5.5267e+03 1.0498e+00
 5.5313e+03 1.0482e+00
 5.5360e+03 1.0563e+00
 5.5407e+03 1.0627e+00
 5.5453e+03 1.0765e+00
 5.5500e+03 1.0728e+00
 5.5547e+03 1.0857e+00
 5.5593e+03 1.0718e+00
 5.5640e+03 1.0666e+00
 5.5687e+03 1.0804e+00
 5.5733e+03 1.0796e+00
 5.5780e+03 1.0789e+00
 5.5827e+03 1.0784e+00
 5.5873e+03 1.0494e+00
 5.5920e+03 1.0313e+00
 5.5967e+03 1.0405e+00
 5.6013e+03 1.0316e+00
 5.6060e+03 1.0553e+00
 5.6107e+03 1.0964e+00
 5.6153e+03 1.1002e+00
 5.6200e+03 1.0654e+00
 5.6247e+03 1.0411e+00
 5.6293e+03 1.0514e+00
 5.6340e+03 1.0873e+00
 5.6387e+03 1.0790e+00
 5.6433e+03 1.0666e+00
 5.6480e+03 1.0754e+00
 5.6527e+03 1.0865e+00
 5.6573e+03 1.0804e+00
 5.6620e+03 1.0541e+00
 5.6667e+03 1.0480e+00
 5.6713e+03 1.0614e+00
 5.6760e+03 1.0915e+00
 5.6807e+03 1.1041e+00
 5.6853e+03 1.0907e+00
 5.6900e+03 1.0753e+00
 5.6947e+03 1.0881e+00
 5.6993e+03 1.0893e+00
 5.7040e+03 1.0847e+00
 5.7087e+03 1.0520e+00
 5.7133e+03 1.0432e+00
 5.7180e+03 1.0609e+00
 5.7227e+03 1.0945e+00
 5.7273e+03 1.0982e+00
 5.7320e+03 1.1126e+00
 5.7367e+03 1.1021e+00
 5.7413e+03 1.1067e+00
 5.7460e+03 1.1053e+00
 5.7507e+03 1.0907e+00
 5.7553e+03 1.0927e+00
 5.7600e+03 1.0915e+00
 5.7647e+03 1.0894e+00
 5.7693e+03 1.0992e+00
 5.7740e+03 1.1166e+00
 5.7787e+03 1.1096e+00
 5.7833e+03 1.0772e+00
 5.7880e+03 1.0647e+00
 5.7927e+03 1.0826e+00
 5.7973e+03 1.1027e+00
 5.8020e+03 1.1173e+00
 5.8067e+03 1.1247e+00
 5.8113e+03 1.1066e+00
 5.8160e+03 1.1141e+00
 5.8207e+03 1.1029e+00
 5.8253e+03 1.1277e+00
 5.8300e+03 1.1520e+00
 5.8347e+03 1.1508e+00
 5.8393e+03 1.1271e+00
 5.8440e+03 1.1252e+00
 5.8487e+03 1.1133e+00
 5.8533e+03 1.1022e+00
 5.8580e+03 1.0979e+00
 5.8627e+03 1.0886e+00
 5.8673e+03 1.0693e+00
 5.8720e+03 1.0441e+00
 5.8767e+03 1.0998e+00
 5.8813e+03 1.1015e+00
 5.8860e+03 1.0517e+00
 5.8907e+03 9.6097e-01
 5.8953e+03 9.0023e-01
 5.9000e+03 9.4328e-01
 5.9047e+03 1.0201e+00
 5.9093e+03 1.0607e+00
 5.9140e+03 1.0791e+00
 5.9187e+03 1.0936e+00
 5.9233e+03 1.0912e+00
 5.9280e+03 1.0829e+00
 5.9327e+03 1.0713e+00
 5.9373e+03 1.0648e+00
 5.9420e+03 1.0935e+00
 5.9467e+03 1.0934e+00
 5.9513e+03 1.0774e+00
 5.9560e+03 1.0696e+00
 5.9607e+03 1.0719e+00
 5.9653e+03 1.0918e+00
 5.9700e+03 1.0917e+00
 5.9747e+03 1.0893e+00
 5.9793e+03 1.0724e+00
 5.9840e+03 1.0652e+00
 5.9887e+03 1.0601e+00
 5.9933e+03 1.0830e+00
 5.9980e+03 1.0827e+00
 6.0027e+03 1.0679e+00
 6.0073e+03 1.0473e+00
 6.0120e+03 1.0561e+00
 6.0167e+03 1.0423e+00
 6.0213e+03 1.0537e+00
 6.0260e+03 1.0775e+00
 6.0307e+03 1.0791e+00
 6.0353e+03 1.0845e+00
 6.0400e+03 1.0903e+00
 6.0447e+03 1.0972e+00
 6.0493e+03 1.0948e+00
 6.0540e+03 1.1003e+00
 6.0587e+03 1.1016e+00
 6.0633e+03 1.0928e+00
 6.0680e+03 1.1075e+00
 6.0727e+03 1.1100e+00
 6.0773e+03 1.1048e+00
 6.0820e+03 1.0813e+00
 6.0867e+03 1.0763e+00
 6.0913e+03 1.0648e+00
 6.0960e+03 1.0764e+00
 6.1007e+03 1.0804e+00
 6.1053e+03 1.0883e+00
 6.1100e+03 1.0895e+00
 6.1147e+03 1.0909e+00
 6.1193e+03 1.0640e+00
 6.1240e+03 1.0434e+00
 6.1287e+03 1.0495e+00
 6.1333e+03 1.0696e+00
 6.1380e+03 1.0599e+00
 6.1427e+03 1.0665e+00
 6.1473e+03 1.0777e+00
 6.1520e+03 1.0600e+00
 6.1567e+03 1.0309e+00
 6.1613e+03 9.9409e-01
 6.1660e+03 9.7159e-01
 6.1707e+03 9.8026e-01
 6.1753e+03 1.0122e+00
 6.1800e+03 1.0355e+00
 6.1847e+03 1.0329e+00
 6.1893e+03 1.0110e+00
 6.1940e+03 1.0013e+00
 6.1987e+03 1.0148e+00
 6.2033e+03 1.0248e+00
 6.2080e+03 1.0318e+00
 6.2127e+03 9.9786e-01
 6.2173e+03 9.7671e-01
 6.2220e+03 9.9547e-01
 6.2267e+03 1.0008e+00
 6.2313e+03 9.7620e-01
 6.2360e+03 9.3707e-01
 6.2407e+03 9.5426e-01
 6.2453e+03 9.6864e-01
 6.2500e+03 9.3360e-01
 6.2547e+03 9.2043e-01
 6.2593e+03 9.3253e-01
 6.2640e+03 9.1268e-01
 6.2687e+03 9.4951e-01
 6.2733e+03 9.7549e-01
 6.2780e+03 9.8746e-01
 6.2827e+03 9.8364e-01
 6.2873e+03 9.9747e-01
 6.2920e+03 9.9576e-01
 6.2967e+03 9.8419e-01
 6.3013e+03 9.9370e-01
 6.3060e+03 1.0023e+00
 6.3107e+03 1.0031e+00
 6.3153e+03 9.9745e-01
 6.3200e+03 9.8383e-01
 6.3247e+03 9.7870e-01
 6.3293e+03 1.0001e+00
 6.3340e+03 9.9913e-01
 6.3387e+03 1.0051e+00
 6.3433e+03 1.0133e+00
 6.3480e+03 1.0102e+00
 6.3527e+03 1.0117e+00
 6.3573e+03 1.0004e+00
 6.3620e+03 9.7542e-01
 6.3667e+03 9.8084e-01
 6.3713e+03 1.0177e+00
 6.3760e+03 1.0553e+00
 6.3807e+03 1.0516e+00
 6.3853e+03 1.0370e+00
 6.3900e+03 1.0294e+00
 6.3947e+03 1.0124e+00
 6.3993e+03 1.0049e+00
 6.4040e+03 1.0104e+00
 6.4087e+03 1.0262e+00
 6.4133e+03 1.0265e+00
 6.4180e+03 1.0213e+00
 6.4227e+03 1.0260e+00
 6.4273e+03 1.0305e+00
 6.4320e+03 1.0159e+00
 6.4367e+03 1.0168e+00
 6.4413e+03 1.0116e+00
 6.4460e+03 1.0048e+00
 6.4507e+03 1.0147e+00
 6.4553e+03 1.0426e+00
 6.4600e+03 1.0197e+00
 6.4647e+03 1.0145e+00
 6.4693e+03 1.0123e+00
 6.4740e+03 1.0124e+00
 6.4787e+03 1.0123e+00
 6.4833e+03 1.0253e+00
 6.4880e+03 1.0416e+00
 6.4927e+03 9.9912e-01
 6.4973e+03 9.5452e-01
 6.5020e+03 9.5782e-01
 6.5067e+03 1.0068e+00
 6.5113e+03 1.0250e+00
 6.5160e+03 1.0065e+00
 6.5207e+03 1.0282e+00
 6.5253e+03 1.0145e+00
 6.5300e+03 1.0340e+00
 6.5347e+03 1.0472e+00
 6.5393e+03 1.0468e+00
 6.5440e+03 1.0516e+00
 6.5487e+03 1.0731e+00
 6.5533e+03 1.0669e+00
 6.5580e+03 1.1032e+00
 6.5627e+03 1.2977e+00
 6.5673e+03 1.3126e+00
 6.5720e+03 1.1116e+00
 6.5767e+03 1.0164e+00
 6.5813e+03 1.1308e+00
 6.5860e+03 1.2423e+00
 6.5907e+03 1.1782e+00
 6.5953e+03 1.0429e+00
 6.6000e+03 1.0069e+00
 6.6047e+03 1.0229e+00
 6.6093e+03 1.0123e+00
 6.6140e+03 1.0175e+00
 6.6187e+03 1.0275e+00
 6.6233e+03 1.0376e+00
 6.6280e+03 1.0127e+00
 6.6327e+03 1.0044e+00
 6.6373e+03 1.0093e+00
 6.6420e+03 1.0126e+00
 6.6467e+03 1.0175e+00
 6.6513e+03 1.0233e+00
 6.6560e+03 1.0220e+00
 6.6607e+03 1.0030e+00
 6.6653e+03 9.9370e-01
 6.6700e+03 1.0013e+00
 6.6747e+03 1.0176e+00
 6.6793e+03 9.9849e-01
 6.6840e+03 1.0124e+00
 6.6887e+03 1.0149e+00
 6.6933e+03 1.0088e+00
 6.6980e+03 1.0126e+00
 6.7027e+03 1.0039e+00
 6.7073e+03 1.0009e+00
 6.7120e+03 1.0303e+00
 6.7167e+03 1.0675e+00
 6.7213e+03 1.0767e+00
 6.7260e+03 1.0526e+00
 6.7307e+03 1.0576e+00
 6.7353e+03 1.0694e+00
 6.7400e+03 1.0366e+00
 6.7447e+03 9.9714e-01
 6.7493e+03 9.9246e-01
 6.7540e+03 9.9192e-01
 6.7587e+03 1.0012e+00
 6.7633e+03 1.0126e+00
 6.7680e+03 1.0013e+00
 6.7727e+03 9.7959e-01
 6.7773e+03 9.8232e-01
 6.7820e+03 1.0247e+00
 6.7867e+03 1.0360e+00
 6.7913e+03 1.0121e+00
 6.7960e+03 9.9293e-01
 6.8007e+03 1.0035e+00
 6.8053e+03 9.8825e-01
 6.8100e+03 9.5549e-01
 6.8147e+03 1.0106e+00
 6.8193e+03 1.0163e+00
 6.8240e+03 9.3527e-01
 6.8287e+03 9.2178e-01
 6.8333e+03 9.5873e-01
 6.8380e+03 9.3771e-01
 6.8427e+03 8.8943e-01
 6.8473e+03 9.2853e-01
 6.8520e+03 9.1708e-01
 6.8567e+03 8.0043e-01
 6.8613e+03 8.0066e-01
 6.8660e+03 8.9146e-01
 6.8707e+03 9.1419e-01
 6.8753e+03 9.3567e-01
 6.8800e+03 9.4387e-01
 6.8847e+03 9.0851e-01
 6.8893e+03 9.3547e-01
 6.8940e+03 9.6261e-01
 6.8987e+03 9.8219e-01
 6.9033e+03 1.0038e+00
 6.9080e+03 1.0383e+00
 6.9127e+03 9.9519e-01
 6.9173e+03 9.5981e-01
 6.9220e+03 9.7823e-01
 6.9267e+03 9.8264e-01
 6.9313e+03 1.0154e+00
 6.9360e+03 1.0564e+00
 6.9407e+03 1.0001e+00
 6.9453e+03 9.8171e-01
 6.9500e+03 9.9019e-01
 6.9547e+03 9.9720e-01
 6.9593e+03 1.0160e+00
 6.9640e+03 1.0334e+00
 6.9687e+03 1.0354e+00
 6.9733e+03 1.0021e+00
 6.9780e+03 9.8460e-01
 6.9827e+03 9.8143e-01
 6.9873e+03 9.9223e-01
 6.9920e+03 1.0042e+00
 6.9967e+03 1.0122e+00
 7.0013e+03 1.0142e+00
 7.0060e+03 1.0012e+00
 7.0107e+03 9.8675e-01
 7.0153e+03 9.9562e-01
 7.0200e+03 9.9386e-01
 7.0247e+03 9.9836e-01
 7.0293e+03 1.0139e+00
 7.0340e+03 1.0374e+00
 7.0387e+03 1.0338e+00
 7.0433e+03 1.0453e+00
 7.0480e+03 1.0618e+00
 7.0527e+03 1.0472e+00
 7.0573e+03 1.0325e+00
 7.0620e+03 1.0192e+00
 7.0667e+03 1.0131e+00
 7.0713e+03 1.0264e+00
 7.0760e+03 1.0517e+00
 7.0807e+03 1.0652e+00
 7.0853e+03 1.0277e+00
 7.0900e+03 9.9963e-01
 7.0947e+03 9.9936e-01
 7.0993e+03 9.9909e-01
 7.1040e+03 9.9884e-01
 7.1087e+03 9.9861e-01
 7.1133e+03 9.9835e-01
 7.1180e+03 9.9810e-01
 7.1227e+03 9.9784e-01
 7.1273e+03 9.9758e-01
 7.1320e+03 9.9731e-01
 7.1367e+03 9.9707e-01
 7.1413e+03 9.9681e-01
 7.1460e+03 9.9655e-01
 7.1507e+03 9.9630e-01
 7.1553e+03 9.9604e-01
 7.1600e+03 9.9581e-01
 7.1647e+03 9.9556e-01
 7.1693e+03 9.9529e-01
 7.1740e+03 9.9505e-01
 7.1787e+03 9.9480e-01
 7.1833e+03 9.9454e-01
 7.1880e+03 9.9427e-01
 7.1927e+03 9.9404e-01
 7.1973e+03 9.9378e-01
 7.2020e+03 9.9353e-01
 7.2067e+03 9.9330e-01
 7.2113e+03 9.9304e-01
 7.2160e+03 9.9277e-01
 7.2207e+03 9.9253e-01
 7.2253e+03 9.9228e-01
 7.2300e+03 9.9201e-01
 7.2347e+03 9.9179e-01
 7.2393e+03 9.9154e-01
 7.2440e+03 9.9128e-01
 7.2487e+03 9.9103e-01
 7.2533e+03 9.9079e-01
 7.2580e+03 9.9052e-01
 7.2627e+03 9.9028e-01
 7.2673e+03 9.9004e-01
 7.2720e+03 9.8979e-01
 7.2767e+03 9.8955e-01
 7.2813e+03 9.8929e-01
 7.2860e+03 9.8906e-01
 7.2907e+03 9.8879e-01
 7.2953e+03 9.8856e-01
 7.3000e+03 9.8832e-01
 7.3047e+03 9.8806e-01
 7.3093e+03 9.8781e-01
 7.3140e+03 9.8757e-01
 7.3187e+03 9.8731e-01
 7.3233e+03 9.8709e-01
 7.3280e+03 9.8684e-01
 7.3327e+03 9.8658e-01
 7.3373e+03 9.8635e-01
 7.3420e+03 9.8610e-01
 7.3467e+03 9.8583e-01
 7.3513e+03 9.8563e-01
 7.3560e+03 9.8537e-01
 7.3607e+03 9.8511e-01
 7.3653e+03 9.8488e-01
 7.3700e+03 9.8462e-01
 7.3747e+03 9.8440e-01
 7.3793e+03 9.8416e-01
 7.3840e+03 9.8390e-01
 7.3887e+03 9.8366e-01
 7.3933e+03 9.8341e-01
 7.3980e+03 9.8319e-01
 7.4027e+03 9.8295e-01
 7.4073e+03 9.8270e-01
 7.4120e+03 9.8245e-01
 7.4167e+03 9.8222e-01
 7.4213e+03 9.8199e-01
 7.4260e+03 9.8172e-01
 7.4307e+03 9.8149e-01
 7.4353e+03 9.8124e-01
 7.4400e+03 9.8102e-01
 7.4447e+03 9.8078e-01
 7.4493e+03 9.8052e-01
 7.4540e+03 9.8030e-01
 7.4587e+03 9.8006e-01
 7.4633e+03 9.7983e-01
 7.4680e+03 9.7958e-01
 7.4727e+03 9.7932e-01
 7.4773e+03 9.7910e-01
 7.4820e+03 9.7886e-01
 7.4867e+03 9.7863e-01
 7.4913e+03 9.7838e-01
 7.4960e+03 9.7813e-01
 7.5007e+03 9.7792e-01
 7.5053e+03 9.7767e-01
 7.5100e+03 9.7743e-01
 7.5147e+03 9.7720e-01
 7.5193e+03 9.7697e-01
 7.5240e+03 9.7673e-01
 7.5287e+03 9.7648e-01
 7.5333e+03 9.7625e-01
 7.5380e+03 9.7602e-01
 7.5427e+03 9.7578e-01
 7.5473e+03 9.7554e-01
 7.5520e+03 9.7532e-01
 7.5567e+03 9.7509e-01
 7.5613e+03 9.7484e-01
 7.5660e+03 9.7459e-01
 7.5707e+03 9.7438e-01
 7.5753e+03 9.7414e-01
 7.5800e+03 9.7391e-01
 7.5847e+03 9.7366e-01
 7.5893e+03 9.7344e-01
 7.5940e+03 9.7320e-01
 7.5987e+03 9.7296e-01
 7.6033e+03 9.7275e-01
 7.6080e+03 9.7250e-01
 7.6127e+03 9.7228e-01
 7.6173e+03 9.7203e-01
 7.6220e+03 9.7182e-01
 7.6267e+03 9.7158e-01
 7.6313e+03 9.7134e-01
 7.6360e+03 9.7112e-01
 7.6407e+03 9.7088e-01
 7.6453e+03 9.7065e-01
 7.6500e+03 9.7042e-01
 7.6547e+03 9.7020e-01
 7.6593e+03 9.6995e-01
 7.6640e+03 9.6974e-01
 7.6687e+03 9.6950e-01
 7.6733e+03 9.6927e-01
 7.6780e+03 9.6903e-01
 7.6827e+03 9.6881e-01
 7.6873e+03 9.6858e-01
 7.6920e+03 9.6833e-01
 7.6967e+03 9.6813e-01
 7.7013e+03 9.6789e-01
 7.7060e+03 9.6766e-01
 7.7107e+03 9.6744e-01
 7.7153e+03 9.6721e-01
 7.7200e+03 9.6697e-01
 7.7247e+03 9.6676e-01
 7.7293e+03 9.6652e-01
 7.7340e+03 9.6630e-01
 7.7387e+03 9.6607e-01
 7.7433e+03 9.6585e-01
 7.7480e+03 9.6561e-01
 7.7527e+03 9.6540e-01
 7.7573e+03 9.6516e-01
 7.7620e+03 9.6494e-01
 7.7667e+03 9.6471e-01
 7.7713e+03 9.6448e-01
 7.7760e+03 9.6426e-01
 7.7807e+03 9.6403e-01
 7.7853e+03 9.6380e-01
 7.7900e+03 9.6360e-01
 7.7947e+03 9.6336e-01
 7.7993e+03 9.6313e-01
 7.8040e+03 9.6291e-01
 7.8087e+03 9.6268e-01
 7.8133e+03 9.6245e-01
 7.8180e+03 9.6225e-01
 7.8227e+03 9.6201e-01
 7.8273e+03 9.6180e-01
 7.8320e+03 9.6157e-01
 7.8367e+03 9.6134e-01
 7.8413e+03 9.6112e-01
 7.8460e+03 9.6090e-01
 7.8507e+03 9.6067e-01
 7.8553e+03 9.6045e-01
 7.8600e+03 9.6022e-01
 7.8647e+03 9.6001e-01
 7.8693e+03 9.5978e-01
 7.8740e+03 9.5956e-01
 7.8787e+03 9.5934e-01
 7.8833e+03 9.5912e-01
 7.8880e+03 9.5890e-01
 7.8927e+03 9.5868e-01
 7.8973e+03 9.5844e-01
 7.9020e+03 9.5824e-01
 7.9067e+03 9.5801e-01
 7.9113e+03 9.5778e-01
 7.9160e+03 9.5756e-01
 7.9207e+03 9.5735e-01
 7.9253e+03 9.5713e-01
 7.9300e+03 9.5691e-01
 7.9347e+03 9.5669e-01
 7.9393e+03 9.5647e-01
 7.9440e+03 9.5625e-01
 7.9487e+03 9.5604e-01
 7.9533e+03 9.5581e-01
 7.9580e+03 9.5561e-01
 7.9627e+03 9.5538e-01
 7.9673e+03 9.5516e-01
 7.9720e+03 9.5494e-01
 7.9767e+03 9.5472e-01
 7.9813e+03 9.5451e-01
 7.9860e+03 9.5429e-01
 7.9907e+03 9.5408e-01
 7.9953e+03 9.5386e-01
 8.0000e+03 9.5364e-01
 8.0047e+03 9.5342e-01
 8.0093e+03 9.5321e-01
 8.0140e+03 9.5299e-01
 8.0187e+03 9.5277e-01
 8.0233e+03 9.5256e-01
 8.0280e+03 9.5234e-01
 8.0327e+03 9.5212e-01
 8.0373e+03 9.5191e-01
 8.0420e+03 9.5169e-01
 8.0467e+03 9.5148e-01
 8.0513e+03 9.5126e-01
 8.0560e+03 9.5105e-01
 8.0607e+03 9.5083e-01
 8.0653e+03 9.5062e-01
 8.0700e+03 9.5040e-01
 8.0747e+03 9.5019e-01
 8.0793e+03 9.4997e-01
 8.0840e+03 9.4976e-01
 8.0887e+03 9.4955e-01
 8.0933e+03 9.4933e-01
 8.0980e+03 9.4912e-01
 8.1027e+03 9.4891e-01
 8.1073e+03 9.4870e-01
 8.1120e+03 9.4848e-01
 8.1167e+03 9.4827e-01
 8.1213e+03 9.4806e-01
 8.1260e+03 9.4784e-01
 8.1307e+03 9.4763e-01
 8.1353e+03 9.4742e-01
 8.1400e+03 9.4721e-01
 8.1447e+03 9.4700e-01
 8.1493e+03 9.4678e-01
 8.1540e+03 9.4657e-01
 8.1587e+03 9.4636e-01
 8.1633e+03 9.4615e-01
 8.1680e+03 9.4594e-01
 8.1727e+03 9.4573e-01
 8.1773e+03 9.4552e-01
 8.1820e+03 9.4531e-01
 8.1867e+03 9.4510e-01
 8.1913e+03 9.4489e-01
 8.1960e+03 9.4468e-01
 8.2007e+03 9.4447e-01
 8.2053e+03 9.4426e-01
 8.2100e+03 9.4405e-01
 8.2147e+03 9.4384e-01
 8.2193e+03 9.4363e-01
 8.2240e+03 9.4342e-01
 8.2287e+03 9.4321e-01
 8.2333e+03 9.4300e-01
 8.2380e+03 9.4280e-01
 8.2427e+03 9.4259e-01
 8.2473e+03 9.4238e-01
 8.2520e+03 9.4217e-01
 8.2567e+03 9.4196e-01
 8.2613e+03 9.4176e-01
 8.2660e+03 9.4155e-01
 8.2707e+03 9.4134e-01
 8.2753e+03 9.4114e-01
 8.2800e+03 9.4093e-01
 8.2847e+03 9.4072e-01
 8.2893e+03 9.4052e-01
 8.2940e+03 9.4031e-01
 8.2987e+03 9.4010e-01
 8.3033e+03 9.3990e-01
 8.3080e+03 9.3969e-01
 8.3127e+03 9.3949e-01
 8.3173e+03 9.3928e-01
 8.3220e+03 9.3907e-01
 8.3267e+03 9.3887e-01
 8.3313e+03 9.3866e-01
 8.3360e+03 9.3846e-01
 8.3407e+03 9.3825e-01
 8.3453e+03 9.3805e-01
 8.3500e+03 9.3785e-01
 8.3547e+03 9.3764e-01
 8.3593e+03 9.3744e-01
 8.3640e+03 9.3723e-01
 8.3687e+03 9.3703e-01
 8.3733e+03 9.3683e-01
 8.3780e+03 9.3662e-01
 8.3827e+03 9.3642e-01
 8.3873e+03 9.3622e-01
 8.3920e+03 9.3601e-01
 8.3967e+03 9.3581e-01
 8.4013e+03 9.3560e-01
 8.4060e+03 9.3540e-01
 8.4107e+03 9.3520e-01
 8.4153e+03 9.3500e-01
 8.4200e+03 9.3479e-01
 8.4247e+03 9.3459e-01
 8.4293e+03 9.3439e-01
 8.4340e+03 9.3419e-01
 8.4387e+03 9.3399e-01
 8.4433e+03 9.3379e-01
 8.4480e+03 9.3359e-01
 8.4527e+03 9.3339e-01
 8.4573e+03 9.3319e-01
 8.4620e+03 9.3299e-01
 8.4667e+03 9.3278e-01
 8.4713e+03 9.3258e-01
 8.4760e+03 9.3238e-01
 8.4807e+03 9.3218e-01
 8.4853e+03 9.3198e-01
 8.4900e+03 9.3178e-01
 8.4947e+03 9.3158e-01
 8.4993e+03 9.3138e-01
 8.5040e+03 9.3118e-01
 8.5087e+03 9.3099e-01
 8.5133e+03 9.3079e-01
 8.5180e+03 9.3059e-01
 8.5227e+03 9.3039e-01
 8.5273e+03 9.3019e-01
 8.5320e+03 9.2999e-01
 8.5367e+03 9.2979e-01
 8.5413e+03 9.2960e-01
 8.5460e+03 9.2940e-01
 8.5507e+03 9.2920e-01
 8.5553e+03 9.2900e-01
 8.5600e+03 9.2881e-01
 8.5647e+03 9.2861e-01
 8.5693e+03 9.2841e-01
 8.5740e+03 9.2821e-01
 8.5787e+03 9.2802e-01
 8.5833e+03 9.2782e-01
 8.5880e+03 9.2762e-01
 8.5927e+03 9.2743e-01
 8.5973e+03 9.2723e-01
 8.6020e+03 9.2703e-01
 8.6067e+03 9.2684e-01
 8.6113e+03 9.2664e-01
 8.6160e+03 9.2644e-01
 8.6207e+03 9.2625e-01
 8.6253e+03 9.2605e-01
 8.6300e+03 9.2586e-01
 8.6347e+03 9.2566e-01
 8.6393e+03 9.2547e-01
 8.6440e+03 9.2527e-01
 8.6487e+03 9.2508e-01
 8.6533e+03 9.2488e-01
 8.6580e+03 9.2469e-01
 8.6627e+03 9.2450e-01
 8.6673e+03 9.2430e-01
 8.6720e+03 9.2411e-01
 8.6767e+03 9.2391e-01
 8.6813e+03 9.2372e-01
 8.6860e+03 9.2352e-01
 8.6907e+03 9.2333e-01
 8.6953e+03 9.2314e-01
 8.7000e+03 9.2295e-01
 8.7047e+03 9.2275e-01
 8.7093e+03 9.2256e-01
 8.7140e+03 9.2237e-01
 8.7187e+03 9.2218e-01
 8.7233e+03 9.2198e-01
 8.7280e+03 9.2179e-01
 8.7327e+03 9.2160e-01
 8.7373e+03 9.2141e-01
 8.7420e+03 9.2121e-01
 8.7467e+03 9.2102e-01
 8.7513e+03 9.2083e-01
 8.7560e+03 9.2064e-01
 8.7607e+03 9.2045e-01
 8.7653e+03 9.2026e-01
 8.7700e+03 9.2007e-01
 8.7747e+03 9.1987e-01
 8.7793e+03 9.1969e-01
 8.7840e+03 9.1949e-01
 8.7887e+03 9.1930e-01
 8.7933e+03 9.1911e-01
 8.7980e+03 9.1892e-01
 8.8027e+03 9.1873e-01
 8.8073e+03 9.1854e-01
 8.8120e+03 9.1835e-01
 8.8167e+03 9.1816e-01
 8.8213e+03 9.1797e-01
 8.8260e+03 9.1779e-01
 8.8307e+03 9.1759e-01
 8.8353e+03 9.1741e-01
 8.8400e+03 9.1722e-01
 8.8447e+03 9.1703e-01
 8.8493e+03 9.1684e-01
 8.8540e+03 9.1665e-01
 8.8587e+03 9.1646e-01
 8.8633e+03 9.1627e-01
 8.8680e+03 9.1609e-01
 8.8727e+03 9.1590e-01
 8.8773e+03 9.1571e-01
 8.8820e+03 9.1552e-01
 8.8867e+03 9.1534e-01
 8.8913e+03 9.1515e-01
 8.8960e+03 9.1496e-01
 8.9007e+03 9.1477e-01
 8.9053e+03 9.1459e-01
 8.9100e+03 9.1440e-01
 8.9147e+03 9.1421e-01
 8.9193e+03 9.1403e-01
 8.9240e+03 9.1384e-01
 8.9287e+03 9.1365e-01
 8.9333e+03 9.1347e-01
 8.9380e+03 9.1328e-01
 8.9427e+03 9.1310e-01
 8.9473e+03 9.1291e-01
 8.9520e+03 9.1273e-01
 8.9567e+03 9.1254e-01
 8.9613e+03 9.1236e-01
 8.9660e+03 9.1217e-01
 8.9707e+03 9.1198e-01
 8.9753e+03 9.1180e-01
 8.9800e+03 9.1161e-01
 8.9847e+03 9.1143e-01
 8.9893e+03 9.1125e-01
 8.9940e+03 9.1106e-01
 8.9987e+03 9.1088e-01
 9.0033e+03 9.1069e-01
 9.0080e+03 9.1051e-01
 9.0127e+03 9.1032e-01
 9.0173e+03 9.1014e-01
 9.0220e+03 9.0996e-01
 9.0267e+03 9.0977e-01
 9.0313e+03 9.0959e-01
 9.0360e+03 9.0941e-01
 9.0407e+03 9.0922e-01
 9.0453e+03 9.0904e-01
 9.0500e+03 9.0886e-01
 9.0547e+03 9.0868e-01
 9.0593e+03 9.0849e-01
 9.0640e+03 9.0831e-01
 9.0687e+03 9.0813e-01
 9.0733e+03 9.0795e-01
 9.0780e+03 9.0776e-01
 9.0827e+03 9.0758e-01
 9.0873e+03 9.0740e-01
 9.0920e+03 9.0722e-01
 9.0967e+03 9.0704e-01
 9.1013e+03 9.0685e-01
 9.1060e+03 9.0668e-01
 9.1107e+03 9.0649e-01
 9.1153e+03 9.0631e-01
 9.1200e+03 9.0613e-01
 9.1247e+03 9.0595e-01
 9.1293e+03 9.0577e-01
 9.1340e+03 9.0559e-01
 9.1387e+03 9.0541e-01
 9.1433e+03 9.0523e-01
 9.1480e+03 9.0505e-01
 9.1527e+03 9.0487e-01
 9.1573e+03 9.0469e-01
 9.1620e+03 9.0451e-01
 9.1667e+03 9.0433e-01
 9.1713e+03 9.0415e-01
 9.1760e+03 9.0397e-01
 9.1807e+03 9.0379e-01
 9.1853e+03 9.0361e-01
 9.1900e+03 9.0343e-01
 9.1947e+03 9.0325e-01
 9.1993e+03 9.0308e-01
 9.2040e+03 9.0290e-01
 9.2087e+03 9.0272e-01
 9.2133e+03 9.0254e-01
 9.2180e+03 9.0236e-01
 9.2227e+03 9.0218e-01
 9.2273e+03 9.0200e-01
 9.2320e+03 9.0183e-01
 9.2367e+03 9.0165e-01
 9.2413e+03 9.0147e-01
 9.2460e+03 9.0129e-01
 9.2507e+03 9.0112e-01
 9.2553e+03 9.0094e-01
 9.2600e+03 9.0076e-01
 9.2647e+03 9.0059e-01
 9.2693e+03 9.0041e-01
 9.2740e+03 9.0023e-01
 9.2787e+03 9.0006e-01
 9.2833e+03 8.9988e-01
 9.2880e+03 8.9970e-01
 9.2927e+03 8.9953e-01
 9.2973e+03 8.9935e-01
 9.3020e+03 8.9918e-01
 9.3067e+03 8.9900e-01
 9.3113e+03 8.9882e-01
 9.3160e+03 8.9865e-01
 9.3207e+03 8.9847e-01
 9.3253e+03 8.9830e-01
 9.3300e+03 8.9812e-01
 9.3347e+03 8.9795e-01
 9.3393e+03 8.9777e-01
 9.3440e+03 8.9760e-01
 9.3487e+03 8.9742e-01
 9.3533e+03 8.9725e-01
 9.3580e+03 8.9707e-01
 9.3627e+03 8.9690e-01
 9.3673e+03 8.9672e-01
 9.3720e+03 8.9655e-01
 9.3767e+03 8.9638e-01
 9.3813e+03 8.9620e-01
 9.3860e+03 8.9603e-01
 9.3907e+03 8.9585e-01
 9.3953e+03 8.9568e-01
 9.4000e+03 8.9551e-01
 9.4047e+03 8.9533e-01
 9.4093e+03 8.9516e-01
 9.4140e+03 8.9499e-01
 9.4187e+03 8.9481e-01
 9.4233e+03 8.9464e-01
 9.4280e+03 8.9447e-01
 9.4327e+03 8.9430e-01
 9.4373e+03 8.9412e-01
 9.4420e+03 8.9395e-01
 9.4467e+03 8.9378e-01
 9.4513e+03 8.9361e-01
 9.4560e+03 8.9344e-01
 9.4607e+03 8.9326e-01
 9.4653e+03 8.9309e-01
 9.4700e+03 8.9292e-01
 9.4747e+03 8.9275e-01
 9.4793e+03 8.9258e-01
 9.4840e+03 8.9241e-01
 9.4887e+03 8.9223e-01
 9.4933e+03 8.9206e-01
 9.4980e+03 8.9189e-01
 9.5027e+03 8.9172e-01
 9.5073e+03 8.9155e-01
 9.5120e+03 8.9138e-01
 9.5167e+03 8.9121e-01
 9.5213e+03 8.9104e-01
 9.5260e+03 8.9087e-01
 9.5307e+03 8.9070e-01
 9.5353e+03 8.9053e-01
 9.5400e+03 8.9036e-01
 9.5447e+03 8.9019e-01
 9.5493e+03 8.9002e-01
 9.5540e+03 8.8985e-01
 9.5587e+03 8.8968e-01
 9.5633e+03 8.8951e-01
 9.5680e+03 8.8934e-01
 9.5727e+03 8.8917e-01
 9.5773e+03 8.8900e-01
 9.5820e+03 8.8883e-01
 9.5867e+03 8.8867e-01
 9.5913e+03 8.8850e-01
 9.5960e+03 8.8833e-01
 9.6007e+03 8.8816e-01
 9.6053e+03 8.8799e-01
 9.6100e+03 8.8782e-01
 9.6147e+03 8.8765e-01
 9.6193e+03 8.8749e-01
 9.6240e+03 8.8732e-01
 9.6287e+03 8.8715e-01
 9.6333e+03 8.8699e-01
 9.6380e+03 8.8682e-01
 9.6427e+03 8.8665e-01
 9.6473e+03 8.8648e-01
 9.6520e+03 8.8632e-01
 9.6567e+03 8.8615e-01
 9.6613e+03 8.8598e-01
 9.6660e+03 8.8581e-01
 9.6707e+03 8.8565e-01
 9.6753e+03 8.8548e-01
 9.6800e+03 8.8531e-01
 9.6847e+03 8.8515e-01
 9.6893e+03 8.8498e-01
 9.6940e+03 8.8481e-01
 9.6987e+03 8.8465e-01
 9.7033e+03 8.8448e-01
 9.7080e+03 8.8432e-01
 9.7127e+03 8.8415e-01
 9.7173e+03 8.8399e-01
 9.7220e+03 8.8382e-01
 9.7267e+03 8.8366e-01
 9.7313e+03 8.8349e-01
 9.7360e+03 8.8332e-01
 9.7407e+03 8.8316e-01
 9.7453e+03 8.8299e-01
 9.7500e+03 8.8283e-01
 9.7547e+03 8.8266e-01
 9.7593e+03 8.8250e-01
 9.7640e+03 8.8233e-01
 9.7687e+03 8.8217e-01
 9.7733e+03 8.8201e-01
 9.7780e+03 8.8184e-01
 9.7827e+03 8.8168e-01
 9.7873e+03 8.8152e-01
 9.7920e+03 8.8135e-01
 9.7967e+03 8.8119e-01
 9.8013e+03 8.8102e-01
 9.8060e+03 8.8086e-01
 9.8107e+03 8.8070e-01
 9.8153e+03 8.8054e-01
 9.8200e+03 8.8037e-01
 9.8247e+03 8.8021e-01
 9.8293e+03 8.8004e-01
 9.8340e+03 8.7988e-01
 9.8387e+03 8.7972e-01
 9.8433e+03 8.7956e-01
 9.8480e+03 8.7939e-01
 9.8527e+03 8.7923e-01
 9.8573e+03 8.7907e-01
 9.8620e+03 8.7891e-01
 9.8667e+03 8.7874e-01
 9.8713e+03 8.7858e-01
 9.8760e+03 8.7842e-01
 9.8807e+03 8.7826e-01
 9.8853e+03 8.7810e-01
 9.8900e+03 8.7794e-01
 9.8947e+03 8.7777e-01
 9.8993e+03 8.7761e-01
 9.9040e+03 8.7745e-01
 9.9087e+03 8.7729e-01
 9.9133e+03 8.7713e-01
 9.9180e+03 8.7697e-01
 9.9227e+03 8.7681e-01
 9.9273e+03 8.7665e-01
 9.9320e+03 8.7649e-01
 9.9367e+03 8.7632e-01
 9.9413e+03 8.7617e-01
 9.9460e+03 8.7600e-01
 9.9507e+03 8.7584e-01
 9.9553e+03 8.7568e-01
 9.9600e+03 8.7552e-01
 9.9647e+03 8.7536e-01
 9.9693e+03 8.7520e-01
 9.9740e+03 8.7504e-01
 9.9787e+03 8.7488e-01
 9.9833e+03 8.7473e-01
 9.9880e+03 8.7457e-01
 9.9927e+03 8.7441e-01
 9.9973e+03 8.7425e-01
 1.0002e+04 8.7409e-01
 1.0007e+04 8.7393e-01
 1.0011e+04 8.7377e-01
 1.0016e+04 8.7362e-01
 1.0021e+04 8.7346e-01
 1.0025e+04 8.7330e-01
 1.0030e+04 8.7314e-01
 1.0035e+04 8.7298e-01
 1.0039e+04 8.7282e-01
 1.0044e+04 8.7266e-01
 1.0049e+04 8.7251e-01
 1.0053e+04 8.7235e-01
 1.0058e+04 8.7219e-01
 1.0063e+04 8.7203e-01
 1.0067e+04 8.7187e-01
 1.0072e+04 8.7172e-01
 1.0077e+04 8.7156e-01
 1.0081e+04 8.7140e-01
 1.0086e+04 8.7124e-01
 1.0091e+04 8.7109e-01
 1.0095e+04 8.7093e-01
 1.0100e+04 8.7078e-01
 1.0105e+04 8.7062e-01
 1.0109e+04 8.7046e-01
 1.0114e+04 8.7030e-01
 1.0119e+04 8.7015e-01
 1.0123e+04 8.6999e-01
 1.0128e+04 8.6984e-01
 1.0133e+04 8.6968e-01
 1.0137e+04 8.6952e-01
 1.0142e+04 8.6937e-01
 1.0147e+04 8.6921e-01
 1.0151e+04 8.6905e-01
 1.0156e+04 8.6890e-01
 1.0161e+04 8.6874e-01
 1.0165e+04 8.6859e-01
 1.0170e+04 8.6843e-01
 1.0175e+04 8.6828e-01
 1.0179e+04 8.6812e-01
 1.0184e+04 8.6797e-01
 1.0189e+04 8.6781e-01
 1.0193e+04 8.6765e-01
 1.0198e+04 8.6750e-01
 1.0203e+04 8.6735e-01
 1.0207e+04 8.6719e-01
 1.0212e+04 8.6703e-01
 1.0217e+04 8.6688e-01
 1.0221e+04 8.6673e-01
 1.0226e+04 8.6658e-01
 1.0231e+04 8.6642e-01
 1.0235e+04 8.6626e-01
 1.0240e+04 8.6611e-01
 1.0245e+04 8.6596e-01
 1.0249e+04 8.6580e-01
 1.0254e+04 8.6565e-01
 1.0259e+04 8.6550e-01
 1.0263e+04 8.6535e-01
 1.0268e+04 8.6519e-01
 1.0273e+04 8.6504e-01
 1.0277e+04 8.6489e-01
 1.0282e+04 8.6473e-01
 1.0287e+04 8.6457e-01
 1.0291e+04 8.6442e-01
 1.0296e+04 8.6427e-01
 1.0301e+04 8.6412e-01
 1.0305e+04 8.6396e-01
 1.0310e+04 8.6381e-01
 1.0315e+04 8.6366e-01
 1.0319e+04 8.6351e-01
 1.0324e+04 8.6335e-01
 1.0329e+04 8.6320e-01
 1.0333e+04 8.6305e-01
 1.0338e+04 8.6290e-01
 1.0343e+04 8.6275e-01
 1.0347e+04 8.6260e-01
 1.0352e+04 8.6245e-01
 1.0357e+04 8.6230e-01
 1.0361e+04 8.6214e-01
 1.0366e+04 8.6199e-01
 1.0371e+04 8.6184e-01
 1.0375e+04 8.6169e-01
 1.0380e+04 8.6153e-01
 1.0385e+04 8.6139e-01
 1.0389e+04 8.6123e-01
 1.0394e+04 8.6108e-01
 1.0399e+04 8.6093e-01
 1.0403e+04 8.6078e-01
 1.0408e+04 8.6063e-01
 1.0413e+04 8.6048e-01
 1.0417e+04 8.6033e-01
 1.0422e+04 8.6018e-01
 1.0427e+04 8.6003e-01
 1.0431e+04 8.5988e-01
 1.0436e+04 8.5973e-01
 1.0441e+04 8.5958e-01
 1.0445e+04 8.5943e-01
 1.0450e+04 8.5928e-01
 1.0455e+04 8.5913e-01
 1.0459e+04 8.5898e-01
 1.0464e+04 8.5883e-01
 1.0469e+04 8.5869e-01
 1.0473e+04 8.5854e-01
 1.0478e+04 8.5838e-01
 1.0483e+04 8.5824e-01
 1.0487e+04 8.5809e-01
 1.0492e+04 8.5794e-01
 1.0497e+04 8.5779e-01
 1.0501e+04 8.5764e-01
 1.0506e+04 8.5749e-01
 1.0511e+04 8.5735e-01
 1.0515e+04 8.5719e-01
 1.0520e+04 8.5705e-01
 1.0525e+04 8.5690e-01
 1.0529e+04 8.5675e-01
 1.0534e+04 8.5660e-01
 1.0539e+04 8.5645e-01
 1.0543e+04 8.5631e-01
 1.0548e+04 8.5616e-01
 1.0553e+04 8.5601e-01
 1.0557e+04 8.5586e-01
 1.0562e+04 8.5572e-01
 1.0567e+04 8.5557e-01
 1.0571e+04 8.5542e-01
 1.0576e+04 8.5528e-01
 1.0581e+04 8.5513e-01
 1.0585e+04 8.5498e-01
 1.0590e+04 8.5483e-01
 1.0595e+04 8.5469e-01
 1.0599e+04 8.5454e-01
 1.0604e+04 8.5440e-01
 1.0609e+04 8.5424e-01
 1.0613e+04 8.5410e-01
 1.0618e+04 8.5395e-01
 1.0623e+04 8.5381e-01
 1.0627e+04 8.5366e-01
 1.0632e+04 8.5351e-01
 1.0637e+04 8.5337e-01
 1.0641e+04 8.5323e-01
 1.0646e+04 8.5308e-01
 1.0651e+04 8.5293e-01
 1.0655e+04 8.5279e-01
 1.0660e+04 8.5264e-01
 1.0665e+04 8.5249e-01
 1.0669e+04 8.5235e-01
 1.0674e+04 8.5221e-01
 1.0679e+04 8.5206e-01
 1.0683e+04 8.5191e-01
 1.0688e+04 8.5177e-01
 1.0693e+04 8.5162e-01
 1.0697e+04 8.5148e-01
 1.0702e+04 8.5133e-01
 1.0707e+04 8.5119e-01
 1.0711e+04 8.5104e-01
 1.0716e+04 8.5090e-01
 1.0721e+04 8.5076e-01
 1.0725e+04 8.5061e-01
 1.0730e+04 8.5047e-01
 1.0735e+04 8.5032e-01
 1.0739e+04 8.5018e-01
 1.0744e+04 8.5003e-01
 1.0749e+04 8.4989e-01
 1.0753e+04 8.4975e-01
 1.0758e+04 8.4960e-01
 1.0763e+04 8.4946e-01
 1.0767e+04 8.4931e-01
 1.0772e+04 8.4917e-01
 1.0777e+04 8.4903e-01
 1.0781e+04 8.4888e-01
 1.0786e+04 8.4874e-01
 1.0791e+04 8.4860e-01
 1.0795e+04 8.4846e-01
 1.0800e+04 8.4831e-01
 1.0805e+04 8.4817e-01
 1.0809e+04 8.4803e-01
 1.0814e+04 8.4788e-01
 1.0819e+04 8.4774e-01
 1.0823e+04 8.4760e-01
 1.0828e+04 8.4746e-01
 1.0833e+04 8.4731e-01
 1.0837e+04 8.4717e-01
 1.0842e+04 8.4703e-01
 1.0847e+04 8.4689e-01
 1.0851e+04 8.4675e-01
 1.0856e+04 8.4660e-01
 1.0861e+04 8.4646e-01
 1.0865e+04 8.4632e-01
 1.0870e+04 8.4618e-01
 1.0875e+04 8.4603e-01
 1.0879e+04 8.4589e-01
 1.0884e+04 8.4575e-01
 1.0889e+04 8.4561e-01
 1.0893e+04 8.4547e-01
 1.0898e+04 8.4533e-01
 1.0903e+04 8.4519e-01
 1.0907e+04 8.4505e-01
 1.0912e+04 8.4490e-01
 1.0917e+04 8.4476e-01
 1.0921e+04 8.4462e-01
 1.0926e+04 8.4448e-01
 1.0931e+04 8.4434e-01
 1.0935e+04 8.4420e-01
 1.0940e+04 8.4406e-01
 1.0945e+04 8.4392e-01
 1.0949e+04 8.4378e-01
 1.0954e+04 8.4364e-01
 1.0959e+04 8.4350e-01
 1.0963e+04 8.4336e-01
 1.0968e+04 8.4322e-01
 1.0973e+04 8.4308e-01
 1.0977e+04 8.4294e-01
 1.0982e+04 8.4280e-01
 1.0987e+04 8.4266e-01
 1.0991e+04 8.4252e-01
 1.0996e+04 8.4238e-01
 1.1001e+04 8.4224e-01
 1.1005e+04 8.4210e-01
 1.1010e+04 8.4196e-01
 1.1015e+04 8.4183e-01
 1.1019e+04 8.4169e-01
 1.1024e+04 8.4155e-01
 1.1029e+04 8.4141e-01
 1.1033e+04 8.4127e-01
 1.1038e+04 8.4113e-01
 1.1043e+04 8.4100e-01
 1.1047e+04 8.4085e-01
 1.1052e+04 8.4071e-01
 1.1057e+04 8.4058e-01
 1.1061e+04 8.4044e-01
 1.1066e+04 8.4030e-01
 1.1071e+04 8.4016e-01
 1.1075e+04 8.4002e-01
 1.1080e+04 8.3989e-01
 1.1085e+04 8.3975e-01
 1.1089e+04 8.3961e-01
 1.1094e+04 8.3947e-01
 1.1099e+04 8.3934e-01
 1.1103e+04 8.3920e-01
 1.1108e+04 8.3906e-01
 1.1113e+04 8.3892e-01
 1.1117e+04 8.3879e-01
 1.1122e+04 8.3865e-01
 1.1127e+04 8.3851e-01
 1.1131e+04 8.3837e-01
 1.1136e+04 8.3824e-01
 1.1141e+04 8.3810e-01
 1.1145e+04 8.3796e-01
 1.1150e+04 8.3783e-01
 1.1155e+04 8.3769e-01
 1.1159e+04 8.3755e-01
 1.1164e+04 8.3741e-01
 1.1169e+04 8.3728e-01
 1.1173e+04 8.3714e-01
 1.1178e+04 8.3700e-01
 1.1183e+04 8.3687e-01
 1.1187e+04 8.3674e-01
 1.1192e+04 8.3660e-01
 1.1197e+04 8.3646e-01
 1.1201e+04 8.3633e-01
 1.1206e+04 8.3619e-01
 1.1211e+04 8.3606e-01
 1.1215e+04 8.3592e-01
 1.1220e+04 8.3578e-01
 1.1225e+04 8.3565e-01
 1.1229e+04 8.3551e-01
 1.1234e+04 8.3537e-01
 1.1239e+04 8.3524e-01
 1.1243e+04 8.3511e-01
 1.1248e+04 8.3497e-01
 1.1253e+04 8.3483e-01
 1.1257e+04 8.3470e-01
 1.1262e+04 8.3456e-01
 1.1267e+04 8.3443e-01
 1.1271e+04 8.3430e-01
 1.1276e+04 8.3416e-01
 1.1281e+04 8.3403e-01
 1.1285e+04 8.3389e-01
 1.1290e+04 8.3376e-01
 1.1295e+04 8.3362e-01
 1.1299e+04 8.3349e-01
 1.1304e+04 8.3336e-01
 1.1309e+04 8.3322e-01
 1.1313e+04 8.3309e-01
 1.1318e+04 8.3295e-01
 1.1323e+04 8.3282e-01
 1.1327e+04 8.3269e-01
 1.1332e+04 8.3255e-01
 1.1337e+04 8.3242e-01
 1.1341e+04 8.3229e-01
 1.1346e+04 8.3215e-01
 1.1351e+04 8.3201e-01
 1.1355e+04 8.3188e-01
 1.1360e+04 8.3175e-01
 1.1365e+04 8.3162e-01
 1.1369e+04 8.3148e-01
 1.1374e+04 8.3135e-01
 1.1379e+04 8.3122e-01
 1.1383e+04 8.3109e-01
 1.1388e+04 8.3095e-01
 1.1393e+04 8.3082e-01
 1.1397e+04 8.3069e-01
 1.1402e+04 8.3056e-01
 1.1407e+04 8.3042e-01
 1.1411e+04 8.3029e-01
 1.1416e+04 8.3016e-01
 1.1421e+04 8.3003e-01
 1.1425e+04 8.2989e-01
 1.1430e+04 8.2976e-01
 1.1435e+04 8.2963e-01
 1.1439e+04 8.2950e-01
 1.1444e+04 8.2936e-01
 1.1449e+04 8.2923e-01
 1.1453e+04 8.2910e-01
 1.1458e+04 8.2897e-01
 1.1463e+04 8.2884e-01
 1.1467e+04 8.2870e-01
 1.1472e+04 8.2857e-01
 1.1477e+04 8.2845e-01
 1.1481e+04 8.2831e-01
 1.1486e+04 8.2818e-01
 1.1491e+04 8.2805e-01
 1.1495e+04 8.2792e-01
 1.1500e+04 8.2779e-01
 1.1505e+04 8.2766e-01
 1.1509e+04 8.2752e-01
 1.1514e+04 8.2739e-01
 1.1519e+04 8.2726e-01
 1.1523e+04 8.2713e-01
 1.1528e+04 8.2700e-01
 1.1533e+04 8.2687e-01
 1.1537e+04 8.2674e-01
 1.1542e+04 8.2661e-01
 1.1547e+04 8.2648e-01
 1.1551e+04 8.2635e-01
 1.1556e+04 8.2622e-01
 1.1561e+04 8.2609e-01
 1.1565e+04 8.2596e-01
 1.1570e+04 8.2583e-01
 1.1575e+04 8.2570e-01
 1.1579e+04 8.2557e-01
 1.1584e+04 8.2544e-01
 1.1589e+04 8.2531e-01
 1.1593e+04 8.2518e-01
 1.1598e+04 8.2505e-01
 1.1603e+04 8.2492e-01
 1.1607e+04 8.2479e-01
 1.1612e+04 8.2467e-01
 1.1617e+04 8.2453e-01
 1.1621e+04 8.2440e-01
 1.1626e+04 8.2428e-01
 1.1631e+04 8.2415e-01
 1.1635e+04 8.2402e-01
 1.1640e+04 8.2389e-01
 1.1645e+04 8.2376e-01
 1.1649e+04 8.2363e-01
 1.1654e+04 8.2350e-01
 1.1659e+04 8.2337e-01
 1.1663e+04 8.2325e-01
 1.1668e+04 8.2312e-01
 1.1673e+04 8.2299e-01
 1.1677e+04 8.2286e-01
 1.1682e+04 8.2273e-01
 1.1687e+04 8.2261e-01
 1.1691e+04 8.2248e-01
 1.1696e+04 8.2235e-01
 1.1701e+04 8.2222e-01
 1.1705e+04 8.2209e-01
 1.1710e+04 8.2196e-01
 1.1715e+04 8.2184e-01
 1.1719e+04 8.2171e-01
 1.1724e+04 8.2158e-01
 1.1729e+04 8.2145e-01
 1.1733e+04 8.2133e-01
 1.1738e+04 8.2120e-01
 1.1743e+04 8.2107e-01
 1.1747e+04 8.2094e-01
 1.1752e+04 8.2082e-01
 1.1757e+04 8.2069e-01
 1.1761e+04 8.2057e-01
 1.1766e+04 8.2044e-01
 1.1771e+04 8.2031e-01
 1.1775e+04 8.2018e-01
 1.1780e+04 8.2006e-01
 1.1785e+04 8.1993e-01
 1.1789e+04 8.1980e-01
 1.1794e+04 8.1968e-01
 1.1799e+04 8.1955e-01
 1.1803e+04 8.1943e-01
 1.1808e+04 8.1930e-01
 1.1813e+04 8.1917e-01
 1.1817e+04 8.1905e-01
 1.1822e+04 8.1892e-01
 1.1827e+04 8.1879e-01
 1.1831e+04 8.1867e-01
 1.1836e+04 8.1854e-01
 1.1841e+04 8.1842e-01
 1.1845e+04 8.1829e-01
 1.1850e+04 8.1816e-01
 1.1855e+04 8.1804e-01
 1.1859e+04 8.1792e-01
 1.1864e+04 8.1779e-01
 1.1869e+04 8.1766e-01
 1.1873e+04 8.1754e-01
 1.1878e+04 8.1741e-01
 1.1883e+04 8.1729e-01
 1.1887e+04 8.1716e-01
 1.1892e+04 8.1704e-01
 1.1897e+04 8.1691e-01
 1.1901e+04 8.1678e-01
 1.1906e+04 8.1666e-01
 1.1911e+04 8.1654e-01
 1.1915e+04 8.1641e-01
 1.1920e+04 8.1629e-01
 1.1925e+04 8.1616e-01
 1.1929e+04 8.1604e-01
 1.1934e+04 8.1592e-01
 1.1939e+04 8.1579e-01
 1.1943e+04 8.1566e-01
 1.1948e+04 8.1554e-01
 1.1953e+04 8.1542e-01
 1.1957e+04 8.1529e-01
 1.1962e+04 8.1517e-01
 1.1967e+04 8.1504e-01
 1.1971e+04 8.1492e-01
 1.1976e+04 8.1479e-01
 1.1981e+04 8.1467e-01
 1.1985e+04 8.1455e-01
 1.1990e+04 8.1443e-01
 1.1995e+04 8.1430e-01
 1.1999e+04 8.1418e-01
