 1.4060e+03 5.6559e-01
 1.4107e+03 5.6698e-01
 1.4153e+03 5.6835e-01
 1.4200e+03 5.6972e-01
 1.4247e+03 5.7109e-01
 1.4293e+03 5.7248e-01
 1.4340e+03 5.7384e-01
 1.4387e+03 5.7520e-01
 1.4433e+03 5.7657e-01
 1.4480e+03 5.7795e-01
 1.4527e+03 5.7931e-01
 1.4573e+03 5.8066e-01
 1.4620e+03 5.8202e-01
 1.4667e+03 5.8338e-01
 1.4713e+03 5.8475e-01
 1.4760e+03 5.8610e-01
 1.4807e+03 5.8745e-01
 1.4853e+03 5.8880e-01
 1.4900e+03 5.9016e-01
 1.4947e+03 5.9151e-01
 1.4993e+03 5.9286e-01
 1.5040e+03 5.9422e-01
 1.5087e+03 5.9560e-01
 1.5133e+03 5.9697e-01
 1.5180e+03 5.9833e-01
 1.5227e+03 5.9969e-01
 1.5273e+03 6.0106e-01
 1.5320e+03 6.0242e-01
 1.5367e+03 6.0378e-01
 1.5413e+03 6.0514e-01
 1.5460e+03 6.0650e-01
 1.5507e+03 6.0786e-01
 1.5553e+03 6.0921e-01
 1.5600e+03 6.1056e-01
 1.5647e+03 6.1191e-01
 1.5693e+03 6.1328e-01
 1.5740e+03 6.1462e-01
 1.5787e+03 6.1596e-01
 1.5833e+03 6.1731e-01
 1.5880e+03 6.1866e-01
 1.5927e+03 6.2000e-01
 1.5973e+03 6.2134e-01
 1.6020e+03 6.2271e-01
 1.6067e+03 6.2411e-01
 1.6113e+03 6.2550e-01
 1.6160e+03 6.2689e-01
 1.6207e+03 6.2827e-01
 1.6253e+03 6.2966e-01
 1.6300e+03 6.3107e-01
 1.6347e+03 6.3246e-01
 1.6393e+03 6.3383e-01
 1.6440e+03 6.3521e-01
 1.6487e+03 6.3662e-01
 1.6533e+03 6.3800e-01
 1.6580e+03 6.3937e-01
 1.6627e+03 6.4076e-01
 1.6673e+03 6.4215e-01
 1.6720e+03 6.4353e-01
 1.6767e+03 6.4491e-01
 1.6813e+03 6.4628e-01
 1.6860e+03 6.4767e-01
 1.6907e+03 6.4904e-01
 1.6953e+03 6.5042e-01
 1.7000e+03 6.5177e-01
 1.7047e+03 6.5293e-01
 1.7093e+03 6.5408e-01
 1.7140e+03 6.5522e-01
 1.7187e+03 6.5635e-01
 1.7233e+03 6.5747e-01
 1.7280e+03 6.5862e-01
 1.7327e+03 6.5974e-01
 1.7373e+03 6.6087e-01
 1.7420e+03 6.6199e-01
 1.7467e+03 6.6312e-01
 1.7513e+03 6.6424e-01
 1.7560e+03 6.6536e-01
 1.7607e+03 6.6647e-01
 1.7653e+03 6.6758e-01
 1.7700e+03 6.6871e-01
 1.7747e+03 6.6982e-01
 1.7793e+03 6.7093e-01
 1.7840e+03 6.7203e-01
 1.7887e+03 6.7316e-01
 1.7933e+03 6.7426e-01
 1.7980e+03 6.7536e-01
 1.8027e+03 6.7553e-01
 1.8073e+03 6.7495e-01
 1.8120e+03 6.7439e-01
 1.8167e+03 6.7383e-01
 1.8213e+03 6.7327e-01
 1.8260e+03 6.7271e-01
 1.8307e+03 6.7214e-01
 1.8353e+03 6.7157e-01
 1.8400e+03 6.7101e-01
 1.8447e+03 6.7045e-01
 1.8493e+03 6.6986e-01
 1.8540e+03 6.6930e-01
 1.8587e+03 6.6873e-01
 1.8633e+03 6.6816e-01
 1.8680e+03 6.6758e-01
 1.8727e+03 6.6701e-01
 1.8773e+03 6.6642e-01
 1.8820e+03 6.6585e-01
 1.8867e+03 6.6527e-01
 1.8913e+03 6.6468e-01
 1.8960e+03 6.6411e-01
 1.9007e+03 6.6337e-01
 1.9053e+03 6.6193e-01
 1.9100e+03 6.6046e-01
 1.9147e+03 6.5900e-01
 1.9193e+03 6.5753e-01
 1.9240e+03 6.5607e-01
 1.9287e+03 6.5458e-01
 1.9333e+03 6.5311e-01
 1.9380e+03 6.5165e-01
 1.9427e+03 6.5018e-01
 1.9473e+03 6.4869e-01
 1.9520e+03 6.4722e-01
 1.9567e+03 6.4575e-01
 1.9613e+03 6.4428e-01
 1.9660e+03 6.4280e-01
 1.9707e+03 6.4132e-01
 1.9753e+03 6.3984e-01
 1.9800e+03 6.3837e-01
 1.9847e+03 6.3689e-01
 1.9893e+03 6.3539e-01
 1.9940e+03 6.3393e-01
 1.9987e+03 6.3245e-01
 2.0033e+03 6.3079e-01
 2.0080e+03 6.2901e-01
 2.0127e+03 6.2727e-01
 2.0173e+03 6.2552e-01
 2.0220e+03 6.2379e-01
 2.0267e+03 6.2200e-01
 2.0313e+03 6.2026e-01
 2.0360e+03 6.1851e-01
 2.0407e+03 6.1677e-01
 2.0453e+03 6.1499e-01
 2.0500e+03 6.1324e-01
 2.0547e+03 6.1149e-01
 2.0593e+03 6.0974e-01
 2.0640e+03 6.0798e-01
 2.0687e+03 6.0621e-01
 2.0733e+03 6.0446e-01
 2.0780e+03 6.0270e-01
 2.0827e+03 6.0095e-01
 2.0873e+03 5.9916e-01
 2.0920e+03 5.9741e-01
 2.0967e+03 5.9565e-01
 2.1013e+03 5.9401e-01
 2.1060e+03 5.9264e-01
 2.1107e+03 5.9129e-01
 2.1153e+03 5.8994e-01
 2.1200e+03 5.8860e-01
 2.1247e+03 5.8723e-01
 2.1293e+03 5.8588e-01
 2.1340e+03 5.8453e-01
 2.1387e+03 5.8318e-01
 2.1433e+03 5.8182e-01
 2.1480e+03 5.8045e-01
 2.1527e+03 5.7910e-01
 2.1573e+03 5.7775e-01
 2.1620e+03 5.7640e-01
 2.1667e+03 5.7502e-01
 2.1713e+03 5.7367e-01
 2.1760e+03 5.7231e-01
 2.1807e+03 5.7096e-01
 2.1853e+03 5.6958e-01
 2.1900e+03 5.6822e-01
 2.1947e+03 5.6686e-01
 2.1993e+03 5.6550e-01
 2.2040e+03 5.6463e-01
 2.2087e+03 5.6386e-01
 2.2133e+03 5.6309e-01
 2.2180e+03 5.6232e-01
 2.2227e+03 5.6155e-01
 2.2273e+03 5.6076e-01
 2.2320e+03 5.5999e-01
 2.2367e+03 5.5922e-01
 2.2413e+03 5.5845e-01
 2.2460e+03 5.5766e-01
 2.2507e+03 5.5688e-01
 2.2553e+03 5.5610e-01
 2.2600e+03 5.5533e-01
 2.2647e+03 5.5454e-01
 2.2693e+03 5.5376e-01
 2.2740e+03 5.5298e-01
 2.2787e+03 5.5220e-01
 2.2833e+03 5.5141e-01
 2.2880e+03 5.5063e-01
 2.2927e+03 5.4984e-01
 2.2973e+03 5.4906e-01
 2.3020e+03 5.4824e-01
 2.3067e+03 5.4737e-01
 2.3113e+03 5.4650e-01
 2.3160e+03 5.4564e-01
 2.3207e+03 5.4477e-01
 2.3253e+03 5.4389e-01
 2.3300e+03 5.4302e-01
 2.3347e+03 5.4215e-01
 2.3393e+03 5.4129e-01
 2.3440e+03 5.4041e-01
 2.3487e+03 5.3953e-01
 2.3533e+03 5.3866e-01
 2.3580e+03 5.3778e-01
 2.3627e+03 5.3690e-01
 2.3673e+03 5.3602e-01
 2.3720e+03 5.3514e-01
 2.3767e+03 5.3427e-01
 2.3813e+03 5.3339e-01
 2.3860e+03 5.3250e-01
 2.3907e+03 5.3162e-01
 2.3953e+03 5.3073e-01
 2.4000e+03 5.2987e-01
 2.4047e+03 5.2925e-01
 2.4093e+03 5.2865e-01
 2.4140e+03 5.2806e-01
 2.4187e+03 5.2747e-01
 2.4233e+03 5.2686e-01
 2.4280e+03 5.2627e-01
 2.4327e+03 5.2566e-01
 2.4373e+03 5.2507e-01
 2.4420e+03 5.2447e-01
 2.4467e+03 5.2386e-01
 2.4513e+03 5.2326e-01
 2.4560e+03 5.2266e-01
 2.4607e+03 5.2206e-01
 2.4653e+03 5.2145e-01
 2.4700e+03 5.2084e-01
 2.4747e+03 5.2024e-01
 2.4793e+03 5.1963e-01
 2.4840e+03 5.1902e-01
 2.4887e+03 5.1842e-01
 2.4933e+03 5.1780e-01
 2.4980e+03 5.1720e-01
 2.5027e+03 5.1674e-01
 2.5073e+03 5.1640e-01
 2.5120e+03 5.1607e-01
 2.5167e+03 5.1574e-01
 2.5213e+03 5.1539e-01
 2.5260e+03 5.1506e-01
 2.5307e+03 5.1472e-01
 2.5353e+03 5.1438e-01
 2.5400e+03 5.1405e-01
 2.5447e+03 5.1371e-01
 2.5493e+03 5.1337e-01
 2.5540e+03 5.1304e-01
 2.5587e+03 5.1269e-01
 2.5633e+03 5.1235e-01
 2.5680e+03 5.1201e-01
 2.5727e+03 5.1167e-01
 2.5773e+03 5.1133e-01
 2.5820e+03 5.1099e-01
 2.5867e+03 5.1065e-01
 2.5913e+03 5.1030e-01
 2.5960e+03 5.0996e-01
 2.6007e+03 5.0965e-01
 2.6053e+03 5.0952e-01
 2.6100e+03 5.0939e-01
 2.6147e+03 5.0925e-01
 2.6193e+03 5.0913e-01
 2.6240e+03 5.0899e-01
 2.6287e+03 5.0886e-01
 2.6333e+03 5.0873e-01
 2.6380e+03 5.0860e-01
 2.6427e+03 5.0846e-01
 2.6473e+03 5.0833e-01
 2.6520e+03 5.0820e-01
 2.6567e+03 5.0807e-01
 2.6613e+03 5.0794e-01
 2.6660e+03 5.0781e-01
 2.6707e+03 5.0767e-01
 2.6753e+03 5.0754e-01
 2.6800e+03 5.0741e-01
 2.6847e+03 5.0728e-01
 2.6893e+03 5.0715e-01
 2.6940e+03 5.0702e-01
 2.6987e+03 5.0688e-01
 2.7033e+03 5.0690e-01
 2.7080e+03 5.0698e-01
 2.7127e+03 5.0705e-01
 2.7173e+03 5.0713e-01
 2.7220e+03 5.0721e-01
 2.7267e+03 5.0728e-01
 2.7313e+03 5.0736e-01
 2.7360e+03 5.0743e-01
 2.7407e+03 5.0751e-01
 2.7453e+03 5.0759e-01
 2.7500e+03 5.0767e-01
 2.7547e+03 5.0774e-01
 2.7593e+03 5.0782e-01
 2.7640e+03 5.0790e-01
 2.7687e+03 5.0797e-01
 2.7733e+03 5.0805e-01
 2.7780e+03 5.0813e-01
 2.7827e+03 5.0820e-01
 2.7873e+03 5.0828e-01
 2.7920e+03 5.0836e-01
 2.7967e+03 5.0843e-01
 2.8013e+03 5.0859e-01
 2.8060e+03 5.0895e-01
 2.8107e+03 5.0930e-01
 2.8153e+03 5.0965e-01
 2.8200e+03 5.1001e-01
 2.8247e+03 5.1037e-01
 2.8293e+03 5.1072e-01
 2.8340e+03 5.1108e-01
 2.8387e+03 5.1143e-01
 2.8433e+03 5.1179e-01
 2.8480e+03 5.1215e-01
 2.8527e+03 5.1250e-01
 2.8573e+03 5.1286e-01
 2.8620e+03 5.1321e-01
 2.8667e+03 5.1357e-01
 2.8713e+03 5.1392e-01
 2.8760e+03 5.1428e-01
 2.8807e+03 5.1464e-01
 2.8853e+03 5.1499e-01
 2.8900e+03 5.1535e-01
 2.8947e+03 5.1570e-01
 2.8993e+03 5.1607e-01
 2.9040e+03 5.1661e-01
 2.9087e+03 5.1718e-01
 2.9133e+03 5.1776e-01
 2.9180e+03 5.1833e-01
 2.9227e+03 5.1891e-01
 2.9273e+03 5.1949e-01
 2.9320e+03 5.2006e-01
 2.9367e+03 5.2064e-01
 2.9413e+03 5.2126e-01
 2.9460e+03 5.2198e-01
 2.9507e+03 5.2270e-01
 2.9553e+03 5.2342e-01
 2.9600e+03 5.2414e-01
 2.9647e+03 5.2487e-01
 2.9693e+03 5.2559e-01
 2.9740e+03 5.2631e-01
 2.9787e+03 5.2703e-01
 2.9833e+03 5.2775e-01
 2.9880e+03 5.2848e-01
 2.9927e+03 5.2920e-01
 2.9973e+03 5.2992e-01
 3.0020e+03 5.3066e-01
 3.0067e+03 5.3138e-01
 3.0113e+03 5.3210e-01
 3.0160e+03 5.3282e-01
 3.0207e+03 5.3359e-01
 3.0253e+03 5.3450e-01
 3.0300e+03 5.3541e-01
 3.0347e+03 5.3632e-01
 3.0393e+03 5.3724e-01
 3.0440e+03 5.3816e-01
 3.0487e+03 5.3907e-01
 3.0533e+03 5.3999e-01
 3.0580e+03 5.4090e-01
 3.0627e+03 5.4186e-01
 3.0673e+03 5.4285e-01
 3.0720e+03 5.4384e-01
 3.0767e+03 5.4484e-01
 3.0813e+03 5.4584e-01
 3.0860e+03 5.4683e-01
 3.0907e+03 5.4782e-01
 3.0953e+03 5.4880e-01
 3.1000e+03 5.4982e-01
 3.1047e+03 5.5098e-01
 3.1093e+03 5.5215e-01
 3.1140e+03 5.5332e-01
 3.1187e+03 5.5449e-01
 3.1233e+03 5.5567e-01
 3.1280e+03 5.5684e-01
 3.1327e+03 5.5801e-01
 3.1373e+03 5.5918e-01
 3.1420e+03 5.6038e-01
 3.1467e+03 5.6159e-01
 3.1513e+03 5.6281e-01
 3.1560e+03 5.6403e-01
 3.1607e+03 5.6525e-01
 3.1653e+03 5.6647e-01
 3.1700e+03 5.6767e-01
 3.1747e+03 5.6889e-01
 3.1793e+03 5.7011e-01
 3.1840e+03 5.7152e-01
 3.1887e+03 5.7297e-01
 3.1933e+03 5.7441e-01
 3.1980e+03 5.7585e-01
 3.2027e+03 5.7731e-01
 3.2073e+03 5.7874e-01
 3.2120e+03 5.8018e-01
 3.2167e+03 5.8161e-01
 3.2213e+03 5.8308e-01
 3.2260e+03 5.8456e-01
 3.2307e+03 5.8603e-01
 3.2353e+03 5.8751e-01
 3.2400e+03 5.8900e-01
 3.2447e+03 5.9048e-01
 3.2493e+03 5.9195e-01
 3.2540e+03 5.9341e-01
 3.2587e+03 5.9490e-01
 3.2633e+03 5.9653e-01
 3.2680e+03 5.9824e-01
 3.2727e+03 5.9993e-01
 3.2773e+03 6.0163e-01
 3.2820e+03 6.0334e-01
 3.2867e+03 6.0503e-01
 3.2913e+03 6.0671e-01
 3.2960e+03 6.0840e-01
 3.3007e+03 6.1016e-01
 3.3053e+03 6.1221e-01
 3.3100e+03 6.1426e-01
 3.3147e+03 6.1630e-01
 3.3193e+03 6.1837e-01
 3.3240e+03 6.2042e-01
 3.3287e+03 6.2245e-01
 3.3333e+03 6.2448e-01
 3.3380e+03 6.2653e-01
 3.3427e+03 6.2866e-01
 3.3473e+03 6.3083e-01
 3.3520e+03 6.3300e-01
 3.3567e+03 6.3517e-01
 3.3613e+03 6.3736e-01
 3.3660e+03 6.3952e-01
 3.3707e+03 6.4169e-01
 3.3753e+03 6.4384e-01
 3.3800e+03 6.4604e-01
 3.3847e+03 6.4837e-01
 3.3893e+03 6.5070e-01
 3.3940e+03 6.5303e-01
 3.3987e+03 6.5539e-01
 3.4033e+03 6.5772e-01
 3.4080e+03 6.6004e-01
 3.4127e+03 6.6236e-01
 3.4173e+03 6.6469e-01
 3.4220e+03 6.6699e-01
 3.4267e+03 6.6922e-01
 3.4313e+03 6.7145e-01
 3.4360e+03 6.7368e-01
 3.4407e+03 6.7593e-01
 3.4453e+03 6.7815e-01
 3.4500e+03 6.8037e-01
 3.4547e+03 6.8259e-01
 3.4593e+03 6.8484e-01
 3.4640e+03 6.8699e-01
 3.4687e+03 6.8913e-01
 3.4733e+03 6.9127e-01
 3.4780e+03 6.9343e-01
 3.4827e+03 6.9557e-01
 3.4873e+03 6.9769e-01
 3.4920e+03 6.9982e-01
 3.4967e+03 7.0196e-01
 3.5013e+03 7.0460e-01
 3.5060e+03 7.0843e-01
 3.5107e+03 7.1226e-01
 3.5153e+03 7.1608e-01
 3.5200e+03 7.1997e-01
 3.5247e+03 7.2378e-01
 3.5293e+03 7.2757e-01
 3.5340e+03 7.3137e-01
 3.5387e+03 7.3522e-01
 3.5433e+03 7.3457e-01
 3.5480e+03 7.3218e-01
 3.5527e+03 7.2979e-01
 3.5573e+03 7.2738e-01
 3.5620e+03 7.2498e-01
 3.5667e+03 7.2259e-01
 3.5713e+03 7.2019e-01
 3.5760e+03 7.1779e-01
 3.5807e+03 7.1540e-01
 3.5853e+03 7.1317e-01
 3.5900e+03 7.1093e-01
 3.5947e+03 7.0870e-01
 3.5993e+03 7.0643e-01
 3.6040e+03 7.0420e-01
 3.6087e+03 7.0197e-01
 3.6133e+03 6.9974e-01
 3.6180e+03 6.9283e-01
 3.6227e+03 7.2341e-01
 3.6273e+03 7.2636e-01
 3.6320e+03 6.9633e-01
 3.6367e+03 7.2337e-01
 3.6413e+03 7.6401e-01
 3.6460e+03 7.3907e-01
 3.6507e+03 7.2780e-01
 3.6553e+03 7.6143e-01
 3.6600e+03 7.6128e-01
 3.6647e+03 7.7474e-01
 3.6693e+03 7.4193e-01
 3.6740e+03 7.4631e-01
 3.6787e+03 7.2348e-01
 3.6833e+03 7.0131e-01
 3.6880e+03 7.5941e-01
 3.6927e+03 7.6108e-01
 3.6973e+03 7.8057e-01
 3.7020e+03 7.1165e-01
 3.7067e+03 7.2587e-01
 3.7113e+03 7.4605e-01
 3.7160e+03 8.6666e-01
 3.7207e+03 1.1703e+00
 3.7253e+03 1.5333e+00
 3.7300e+03 1.2357e+00
 3.7347e+03 8.7639e-01
 3.7393e+03 7.6554e-01
 3.7440e+03 7.1888e-01
 3.7487e+03 7.2712e-01
 3.7533e+03 8.1327e-01
 3.7580e+03 8.4159e-01
 3.7627e+03 8.3568e-01
 3.7673e+03 7.9914e-01
 3.7720e+03 8.3733e-01
 3.7767e+03 9.2412e-01
 3.7813e+03 9.5627e-01
 3.7860e+03 9.0130e-01
 3.7907e+03 8.2002e-01
 3.7953e+03 7.6414e-01
 3.8000e+03 7.6909e-01
 3.8047e+03 8.9829e-01
 3.8093e+03 9.7942e-01
 3.8140e+03 9.6408e-01
 3.8187e+03 9.2334e-01
 3.8233e+03 8.3775e-01
 3.8280e+03 7.5505e-01
 3.8327e+03 6.9791e-01
 3.8373e+03 7.2346e-01
 3.8420e+03 8.4875e-01
 3.8467e+03 9.5491e-01
 3.8513e+03 1.0023e+00
 3.8560e+03 9.9163e-01
 3.8607e+03 9.8696e-01
 3.8653e+03 1.0046e+00
 3.8700e+03 9.8936e-01
 3.8747e+03 9.4896e-01
 3.8793e+03 8.5616e-01
 3.8840e+03 8.1066e-01
 3.8887e+03 8.0551e-01
 3.8933e+03 8.6633e-01
 3.8980e+03 9.3564e-01
 3.9027e+03 9.9057e-01
 3.9073e+03 1.0378e+00
 3.9120e+03 1.0629e+00
 3.9167e+03 1.0445e+00
 3.9213e+03 1.0018e+00
 3.9260e+03 8.9505e-01
 3.9307e+03 7.8044e-01
 3.9353e+03 7.9415e-01
 3.9400e+03 9.1969e-01
 3.9447e+03 9.9919e-01
 3.9493e+03 1.0113e+00
 3.9540e+03 9.9178e-01
 3.9587e+03 8.8798e-01
 3.9633e+03 7.5715e-01
 3.9680e+03 6.9484e-01
 3.9727e+03 7.6600e-01
 3.9773e+03 9.3201e-01
 3.9820e+03 1.0235e+00
 3.9867e+03 1.0988e+00
 3.9913e+03 1.1365e+00
 3.9960e+03 1.1515e+00
 4.0007e+03 1.1652e+00
 4.0053e+03 1.1596e+00
 4.0100e+03 1.1962e+00
 4.0147e+03 1.1966e+00
 4.0193e+03 1.1791e+00
 4.0240e+03 1.2134e+00
 4.0287e+03 1.1964e+00
 4.0333e+03 1.1732e+00
 4.0380e+03 1.1848e+00
 4.0427e+03 1.1963e+00
 4.0473e+03 1.1793e+00
 4.0520e+03 1.1743e+00
 4.0567e+03 1.1734e+00
 4.0613e+03 1.1484e+00
 4.0660e+03 1.1707e+00
 4.0707e+03 1.1596e+00
 4.0753e+03 1.1258e+00
 4.0800e+03 1.1051e+00
 4.0847e+03 1.1006e+00
 4.0893e+03 1.0796e+00
 4.0940e+03 1.0384e+00
 4.0987e+03 9.9554e-01
 4.1033e+03 9.6100e-01
 4.1080e+03 1.0041e+00
 4.1127e+03 1.0766e+00
 4.1173e+03 1.1279e+00
 4.1220e+03 1.1355e+00
 4.1267e+03 1.1379e+00
 4.1313e+03 1.1403e+00
 4.1360e+03 1.1545e+00
 4.1407e+03 1.1586e+00
 4.1453e+03 1.1633e+00
 4.1500e+03 1.1892e+00
 4.1547e+03 1.1980e+00
 4.1593e+03 1.2360e+00
 4.1640e+03 1.2300e+00
 4.1687e+03 1.1968e+00
 4.1733e+03 1.1502e+00
 4.1780e+03 1.1514e+00
 4.1827e+03 1.1841e+00
 4.1873e+03 1.1902e+00
 4.1920e+03 1.1865e+00
 4.1967e+03 1.1697e+00
 4.2013e+03 1.1478e+00
 4.2060e+03 1.1928e+00
 4.2107e+03 1.2106e+00
 4.2153e+03 1.2033e+00
 4.2200e+03 1.1991e+00
 4.2247e+03 1.1381e+00
 4.2293e+03 1.1307e+00
 4.2340e+03 1.1595e+00
 4.2387e+03 1.1818e+00
 4.2433e+03 1.1810e+00
 4.2480e+03 1.1614e+00
 4.2527e+03 1.1481e+00
 4.2573e+03 1.1477e+00
 4.2620e+03 1.1623e+00
 4.2667e+03 1.1425e+00
 4.2713e+03 1.1265e+00
 4.2760e+03 1.1332e+00
 4.2807e+03 1.1337e+00
 4.2853e+03 1.1170e+00
 4.2900e+03 1.0991e+00
 4.2947e+03 1.0765e+00
 4.2993e+03 1.0294e+00
 4.3040e+03 9.8900e-01
 4.3087e+03 1.0005e+00
 4.3133e+03 1.0664e+00
 4.3180e+03 1.1172e+00
 4.3227e+03 1.0969e+00
 4.3273e+03 1.0293e+00
 4.3320e+03 1.0856e+00
 4.3367e+03 1.1905e+00
 4.3413e+03 1.1031e+00
 4.3460e+03 1.0281e+00
 4.3507e+03 1.0734e+00
 4.3553e+03 1.1123e+00
 4.3600e+03 1.1521e+00
 4.3647e+03 1.1761e+00
 4.3693e+03 1.1606e+00
 4.3740e+03 1.1488e+00
 4.3787e+03 1.1021e+00
 4.3833e+03 1.0806e+00
 4.3880e+03 1.1003e+00
 4.3927e+03 1.1373e+00
 4.3973e+03 1.1703e+00
 4.4020e+03 1.1532e+00
 4.4067e+03 1.1414e+00
 4.4113e+03 1.1792e+00
 4.4160e+03 1.1630e+00
 4.4207e+03 1.1869e+00
 4.4253e+03 1.1894e+00
 4.4300e+03 1.1866e+00
 4.4347e+03 1.1703e+00
 4.4393e+03 1.1789e+00
 4.4440e+03 1.1897e+00
 4.4487e+03 1.1967e+00
 4.4533e+03 1.1639e+00
 4.4580e+03 1.1499e+00
 4.4627e+03 1.1407e+00
 4.4673e+03 1.1885e+00
 4.4720e+03 1.2146e+00
 4.4767e+03 1.2213e+00
 4.4813e+03 1.2090e+00
 4.4860e+03 1.2113e+00
 4.4907e+03 1.2133e+00
 4.4953e+03 1.2160e+00
 4.5000e+03 1.2461e+00
 4.5047e+03 1.2876e+00
 4.5093e+03 1.2650e+00
 4.5140e+03 1.2483e+00
 4.5187e+03 1.2355e+00
 4.5233e+03 1.2202e+00
 4.5280e+03 1.1779e+00
 4.5327e+03 1.1620e+00
 4.5373e+03 1.2077e+00
 4.5420e+03 1.2319e+00
 4.5467e+03 1.2064e+00
 4.5513e+03 1.1893e+00
 4.5560e+03 1.1961e+00
 4.5607e+03 1.2371e+00
 4.5653e+03 1.2388e+00
 4.5700e+03 1.2397e+00
 4.5747e+03 1.2303e+00
 4.5793e+03 1.2182e+00
 4.5840e+03 1.2151e+00
 4.5887e+03 1.2103e+00
 4.5933e+03 1.2055e+00
 4.5980e+03 1.1991e+00
 4.6027e+03 1.2173e+00
 4.6073e+03 1.2522e+00
 4.6120e+03 1.2542e+00
 4.6167e+03 1.2577e+00
 4.6213e+03 1.2555e+00
 4.6260e+03 1.2563e+00
 4.6307e+03 1.2295e+00
 4.6353e+03 1.2248e+00
 4.6400e+03 1.2141e+00
 4.6447e+03 1.2071e+00
 4.6493e+03 1.1961e+00
 4.6540e+03 1.2238e+00
 4.6587e+03 1.2320e+00
 4.6633e+03 1.2139e+00
 4.6680e+03 1.1815e+00
 4.6727e+03 1.1857e+00
 4.6773e+03 1.2009e+00
 4.6820e+03 1.2086e+00
 4.6867e+03 1.2071e+00
 4.6913e+03 1.2164e+00
 4.6960e+03 1.1926e+00
 4.7007e+03 1.1766e+00
 4.7053e+03 1.1679e+00
 4.7100e+03 1.1773e+00
 4.7147e+03 1.1907e+00
 4.7193e+03 1.1997e+00
 4.7240e+03 1.2022e+00
 4.7287e+03 1.1707e+00
 4.7333e+03 1.1646e+00
 4.7380e+03 1.1966e+00
 4.7427e+03 1.1985e+00
 4.7473e+03 1.1972e+00
 4.7520e+03 1.1985e+00
 4.7567e+03 1.1759e+00
 4.7613e+03 1.1563e+00
 4.7660e+03 1.1451e+00
 4.7707e+03 1.1768e+00
 4.7753e+03 1.1964e+00
 4.7800e+03 1.1961e+00
 4.7847e+03 1.1761e+00
 4.7893e+03 1.1641e+00
 4.7940e+03 1.1779e+00
 4.7987e+03 1.1855e+00
 4.8033e+03 1.1900e+00
 4.8080e+03 1.1788e+00
 4.8127e+03 1.1763e+00
 4.8173e+03 1.1811e+00
 4.8220e+03 1.1616e+00
 4.8267e+03 1.1517e+00
 4.8313e+03 1.1353e+00
 4.8360e+03 1.1379e+00
 4.8407e+03 1.1101e+00
 4.8453e+03 1.0818e+00
 4.8500e+03 1.0846e+00
 4.8547e+03 1.2745e+00
 4.8593e+03 1.4261e+00
 4.8640e+03 1.2648e+00
 4.8687e+03 1.0635e+00
 4.8733e+03 1.0242e+00
 4.8780e+03 1.0650e+00
 4.8827e+03 1.0819e+00
 4.8873e+03 1.0862e+00
 4.8920e+03 1.0998e+00
 4.8967e+03 1.1366e+00
 4.9013e+03 1.1453e+00
 4.9060e+03 1.1423e+00
 4.9107e+03 1.1224e+00
 4.9153e+03 1.1024e+00
 4.9200e+03 1.0713e+00
 4.9247e+03 1.0948e+00
 4.9293e+03 1.1193e+00
 4.9340e+03 1.1218e+00
 4.9387e+03 1.1359e+00
 4.9433e+03 1.1600e+00
 4.9480e+03 1.1918e+00
 4.9527e+03 1.2253e+00
 4.9573e+03 1.2162e+00
 4.9620e+03 1.1714e+00
 4.9667e+03 1.1363e+00
 4.9713e+03 1.1230e+00
 4.9760e+03 1.1218e+00
 4.9807e+03 1.0948e+00
 4.9853e+03 1.0834e+00
 4.9900e+03 1.1036e+00
 4.9947e+03 1.1388e+00
 4.9993e+03 1.2412e+00
 5.0040e+03 1.3008e+00
 5.0087e+03 1.2165e+00
 5.0133e+03 1.1041e+00
 5.0180e+03 1.0517e+00
 5.0227e+03 1.0609e+00
 5.0273e+03 1.0825e+00
 5.0320e+03 1.0786e+00
 5.0367e+03 1.0760e+00
 5.0413e+03 1.0668e+00
 5.0460e+03 1.0717e+00
 5.0507e+03 1.0802e+00
 5.0553e+03 1.1050e+00
 5.0600e+03 1.1124e+00
 5.0647e+03 1.0892e+00
 5.0693e+03 1.0899e+00
 5.0740e+03 1.0778e+00
 5.0787e+03 1.0590e+00
 5.0833e+03 1.0572e+00
 5.0880e+03 1.0892e+00
 5.0927e+03 1.0709e+00
 5.0973e+03 1.0663e+00
 5.1020e+03 1.0680e+00
 5.1067e+03 1.0738e+00
 5.1113e+03 1.0876e+00
 5.1160e+03 1.0720e+00
 5.1207e+03 1.0522e+00
 5.1253e+03 1.0363e+00
 5.1300e+03 1.0445e+00
 5.1347e+03 1.0567e+00
 5.1393e+03 1.0295e+00
 5.1440e+03 1.0283e+00
 5.1487e+03 1.0447e+00
 5.1533e+03 1.0712e+00
 5.1580e+03 1.0405e+00
 5.1627e+03 9.5324e-01
 5.1673e+03 9.6590e-01
 5.1720e+03 9.7627e-01
 5.1767e+03 9.9064e-01
 5.1813e+03 1.0161e+00
 5.1860e+03 1.0023e+00
 5.1907e+03 1.0357e+00
 5.1953e+03 1.0742e+00
 5.2000e+03 1.0805e+00
 5.2047e+03 1.0598e+00
 5.2093e+03 1.0450e+00
 5.2140e+03 1.0624e+00
 5.2187e+03 1.0566e+00
 5.2233e+03 1.0561e+00
 5.2280e+03 1.0616e+00
 5.2327e+03 1.0515e+00
 5.2373e+03 1.0519e+00
 5.2420e+03 1.0655e+00
 5.2467e+03 1.0805e+00
 5.2513e+03 1.0770e+00
 5.2560e+03 1.0706e+00
 5.2607e+03 1.0328e+00
 5.2653e+03 9.9629e-01
 5.2700e+03 1.0091e+00
 5.2747e+03 1.0501e+00
 5.2793e+03 1.0839e+00
 5.2840e+03 1.1360e+00
 5.2887e+03 1.1313e+00
 5.2933e+03 1.1300e+00
 5.2980e+03 1.1022e+00
 5.3027e+03 1.1117e+00
 5.3073e+03 1.1321e+00
 5.3120e+03 1.1421e+00
 5.3167e+03 1.1261e+00
 5.3213e+03 1.1050e+00
 5.3260e+03 1.0721e+00
 5.3307e+03 1.0809e+00
 5.3353e+03 1.0787e+00
 5.3400e+03 1.0885e+00
 5.3447e+03 1.1036e+00
 5.3493e+03 1.1092e+00
 5.3540e+03 1.1334e+00
 5.3587e+03 1.1368e+00
 5.3633e+03 1.1369e+00
 5.3680e+03 1.1154e+00
 5.3727e+03 1.1074e+00
 5.3773e+03 1.1119e+00
 5.3820e+03 1.1172e+00
 5.3867e+03 1.1042e+00
 5.3913e+03 1.1062e+00
 5.3960e+03 1.0736e+00
 5.4007e+03 1.0629e+00
 5.4053e+03 1.0614e+00
 5.4100e+03 1.0686e+00
 5.4147e+03 1.0812e+00
 5.4193e+03 1.0848e+00
 5.4240e+03 1.1054e+00
 5.4287e+03 1.0857e+00
 5.4333e+03 1.0658e+00
 5.4380e+03 1.0885e+00
 5.4427e+03 1.1264e+00
 5.4473e+03 1.1270e+00
 5.4520e+03 1.1186e+00
 5.4567e+03 1.1177e+00
 5.4613e+03 1.1117e+00
 5.4660e+03 1.1240e+00
 5.4707e+03 1.0844e+00
 5.4753e+03 1.0766e+00
 5.4800e+03 1.0947e+00
 5.4847e+03 1.1041e+00
 5.4893e+03 1.1070e+00
 5.4940e+03 1.1086e+00
 5.4987e+03 1.1063e+00
 5.5033e+03 1.0860e+00
 5.5080e+03 1.0812e+00
 5.5127e+03 1.1087e+00
 5.5173e+03 1.0901e+00
 5.5220e+03 1.0630e+00
 5.5267e+03 1.0535e+00
 5.5313e+03 1.0570e+00
 5.5360e+03 1.0833e+00
 5.5407e+03 1.0916e+00
 5.5453e+03 1.0831e+00
 5.5500e+03 1.0873e+00
 5.5547e+03 1.1034e+00
 5.5593e+03 1.1089e+00
 5.5640e+03 1.0990e+00
 5.5687e+03 1.1168e+00
 5.5733e+03 1.1153e+00
 5.5780e+03 1.1124e+00
 5.5827e+03 1.1041e+00
 5.5873e+03 1.0773e+00
 5.5920e+03 1.0714e+00
 5.5967e+03 1.0931e+00
 5.6013e+03 1.1094e+00
 5.6060e+03 1.1005e+00
 5.6107e+03 1.1220e+00
 5.6153e+03 1.1156e+00
 5.6200e+03 1.1187e+00
 5.6247e+03 1.1009e+00
 5.6293e+03 1.0965e+00
 5.6340e+03 1.1125e+00
 5.6387e+03 1.1078e+00
 5.6433e+03 1.1176e+00
 5.6480e+03 1.0951e+00
 5.6527e+03 1.0905e+00
 5.6573e+03 1.1026e+00
 5.6620e+03 1.0819e+00
 5.6667e+03 1.0987e+00
 5.6713e+03 1.1143e+00
 5.6760e+03 1.1288e+00
 5.6807e+03 1.1153e+00
 5.6853e+03 1.1007e+00
 5.6900e+03 1.0985e+00
 5.6947e+03 1.1105e+00
 5.6993e+03 1.1081e+00
 5.7040e+03 1.0907e+00
 5.7087e+03 1.0454e+00
 5.7133e+03 1.0700e+00
 5.7180e+03 1.1072e+00
 5.7227e+03 1.1134e+00
 5.7273e+03 1.0988e+00
 5.7320e+03 1.0964e+00
 5.7367e+03 1.1254e+00
 5.7413e+03 1.1256e+00
 5.7460e+03 1.0986e+00
 5.7507e+03 1.0883e+00
 5.7553e+03 1.1078e+00
 5.7600e+03 1.1237e+00
 5.7647e+03 1.1197e+00
 5.7693e+03 1.1103e+00
 5.7740e+03 1.0972e+00
 5.7787e+03 1.0872e+00
 5.7833e+03 1.0879e+00
 5.7880e+03 1.1006e+00
 5.7927e+03 1.1130e+00
 5.7973e+03 1.1152e+00
 5.8020e+03 1.1285e+00
 5.8067e+03 1.1177e+00
 5.8113e+03 1.1184e+00
 5.8160e+03 1.1419e+00
 5.8207e+03 1.1312e+00
 5.8253e+03 1.1099e+00
 5.8300e+03 1.0659e+00
 5.8347e+03 1.0851e+00
 5.8393e+03 1.1516e+00
 5.8440e+03 1.1388e+00
 5.8487e+03 1.0828e+00
 5.8533e+03 1.0862e+00
 5.8580e+03 1.0870e+00
 5.8627e+03 1.0936e+00
 5.8673e+03 1.1189e+00
 5.8720e+03 1.1157e+00
 5.8767e+03 1.1005e+00
 5.8813e+03 1.0941e+00
 5.8860e+03 1.0364e+00
 5.8907e+03 9.7685e-01
 5.8953e+03 9.7299e-01
 5.9000e+03 1.0283e+00
 5.9047e+03 1.0684e+00
 5.9093e+03 1.0756e+00
 5.9140e+03 1.0712e+00
 5.9187e+03 1.0832e+00
 5.9233e+03 1.0963e+00
 5.9280e+03 1.0959e+00
 5.9327e+03 1.0793e+00
 5.9373e+03 1.0777e+00
 5.9420e+03 1.0858e+00
 5.9467e+03 1.0873e+00
 5.9513e+03 1.0765e+00
 5.9560e+03 1.0773e+00
 5.9607e+03 1.0745e+00
 5.9653e+03 1.0805e+00
 5.9700e+03 1.0861e+00
 5.9747e+03 1.0834e+00
 5.9793e+03 1.0863e+00
 5.9840e+03 1.0789e+00
 5.9887e+03 1.0724e+00
 5.9933e+03 1.0780e+00
 5.9980e+03 1.0613e+00
 6.0027e+03 1.0659e+00
 6.0073e+03 1.0528e+00
 6.0120e+03 1.0417e+00
 6.0167e+03 1.0661e+00
 6.0213e+03 1.0669e+00
 6.0260e+03 1.0810e+00
 6.0307e+03 1.0856e+00
 6.0353e+03 1.0706e+00
 6.0400e+03 1.0676e+00
 6.0447e+03 1.0819e+00
 6.0493e+03 1.0955e+00
 6.0540e+03 1.0940e+00
 6.0587e+03 1.0944e+00
 6.0633e+03 1.0946e+00
 6.0680e+03 1.0937e+00
 6.0727e+03 1.0801e+00
 6.0773e+03 1.0703e+00
 6.0820e+03 1.0745e+00
 6.0867e+03 1.0724e+00
 6.0913e+03 1.0855e+00
 6.0960e+03 1.0789e+00
 6.1007e+03 1.0708e+00
 6.1053e+03 1.0789e+00
 6.1100e+03 1.0699e+00
 6.1147e+03 1.0524e+00
 6.1193e+03 1.0629e+00
 6.1240e+03 1.0629e+00
 6.1287e+03 1.0542e+00
 6.1333e+03 1.0505e+00
 6.1380e+03 1.0492e+00
 6.1427e+03 1.0463e+00
 6.1473e+03 1.0579e+00
 6.1520e+03 1.0173e+00
 6.1567e+03 9.9787e-01
 6.1613e+03 9.8675e-01
 6.1660e+03 9.9448e-01
 6.1707e+03 9.8290e-01
 6.1753e+03 9.8426e-01
 6.1800e+03 1.0237e+00
 6.1847e+03 1.0295e+00
 6.1893e+03 9.8872e-01
 6.1940e+03 9.4905e-01
 6.1987e+03 9.8764e-01
 6.2033e+03 1.0419e+00
 6.2080e+03 1.0213e+00
 6.2127e+03 9.9041e-01
 6.2173e+03 9.5055e-01
 6.2220e+03 9.7397e-01
 6.2267e+03 9.5492e-01
 6.2313e+03 9.9349e-01
 6.2360e+03 9.5928e-01
 6.2407e+03 9.4450e-01
 6.2453e+03 9.2749e-01
 6.2500e+03 9.6813e-01
 6.2547e+03 9.6051e-01
 6.2593e+03 9.5528e-01
 6.2640e+03 9.6899e-01
 6.2687e+03 9.4903e-01
 6.2733e+03 9.7273e-01
 6.2780e+03 9.4376e-01
 6.2827e+03 9.5219e-01
 6.2873e+03 9.6491e-01
 6.2920e+03 1.0401e+00
 6.2967e+03 1.0494e+00
 6.3013e+03 1.0164e+00
 6.3060e+03 1.0034e+00
 6.3107e+03 9.7297e-01
 6.3153e+03 9.5903e-01
 6.3200e+03 9.7074e-01
 6.3247e+03 9.7259e-01
 6.3293e+03 9.9540e-01
 6.3340e+03 9.8411e-01
 6.3387e+03 9.7697e-01
 6.3433e+03 9.8385e-01
 6.3480e+03 9.8869e-01
 6.3527e+03 1.0033e+00
 6.3573e+03 9.9795e-01
 6.3620e+03 9.9607e-01
 6.3667e+03 9.9923e-01
 6.3713e+03 9.9812e-01
 6.3760e+03 1.0070e+00
 6.3807e+03 1.0101e+00
 6.3853e+03 1.0008e+00
 6.3900e+03 9.9966e-01
 6.3947e+03 9.8201e-01
 6.3993e+03 9.7432e-01
 6.4040e+03 9.8985e-01
 6.4087e+03 1.0075e+00
 6.4133e+03 1.0230e+00
 6.4180e+03 9.8010e-01
 6.4227e+03 9.7194e-01
 6.4273e+03 9.9142e-01
 6.4320e+03 9.8032e-01
 6.4367e+03 9.8192e-01
 6.4413e+03 1.0301e+00
 6.4460e+03 9.9526e-01
 6.4507e+03 9.5649e-01
 6.4553e+03 9.5098e-01
 6.4600e+03 1.0027e+00
 6.4647e+03 9.9104e-01
 6.4693e+03 9.9648e-01
 6.4740e+03 1.0139e+00
 6.4787e+03 9.8441e-01
 6.4833e+03 9.8722e-01
 6.4880e+03 9.5538e-01
 6.4927e+03 9.5843e-01
 6.4973e+03 9.8686e-01
 6.5020e+03 9.3874e-01
 6.5067e+03 9.8386e-01
 6.5113e+03 9.8067e-01
 6.5160e+03 9.9814e-01
 6.5207e+03 9.9831e-01
 6.5253e+03 1.0174e+00
 6.5300e+03 9.8351e-01
 6.5347e+03 9.9846e-01
 6.5393e+03 1.1279e+00
 6.5440e+03 1.1984e+00
 6.5487e+03 1.3320e+00
 6.5533e+03 1.7997e+00
 6.5580e+03 2.2683e+00
 6.5627e+03 2.3513e+00
 6.5673e+03 1.7637e+00
 6.5720e+03 1.3936e+00
 6.5767e+03 1.4325e+00
 6.5813e+03 1.5505e+00
 6.5860e+03 1.3983e+00
 6.5907e+03 1.1613e+00
 6.5953e+03 1.0215e+00
 6.6000e+03 9.8937e-01
 6.6047e+03 9.8535e-01
 6.6093e+03 9.8841e-01
 6.6140e+03 9.8016e-01
 6.6187e+03 9.8284e-01
 6.6233e+03 9.9612e-01
 6.6280e+03 9.7967e-01
 6.6327e+03 9.6289e-01
 6.6373e+03 9.7526e-01
 6.6420e+03 9.8898e-01
 6.6467e+03 9.8797e-01
 6.6513e+03 9.8001e-01
 6.6560e+03 9.7983e-01
 6.6607e+03 9.7748e-01
 6.6653e+03 9.6853e-01
 6.6700e+03 9.7693e-01
 6.6747e+03 9.8811e-01
 6.6793e+03 9.8607e-01
 6.6840e+03 9.7734e-01
 6.6887e+03 9.9022e-01
 6.6933e+03 9.9166e-01
 6.6980e+03 9.8425e-01
 6.7027e+03 1.0273e+00
 6.7073e+03 1.1502e+00
 6.7120e+03 1.2461e+00
 6.7167e+03 1.2543e+00
 6.7213e+03 1.2508e+00
 6.7260e+03 1.2249e+00
 6.7307e+03 1.1652e+00
 6.7353e+03 1.0899e+00
 6.7400e+03 1.0075e+00
 6.7447e+03 9.6398e-01
 6.7493e+03 9.6841e-01
 6.7540e+03 9.6100e-01
 6.7587e+03 9.6076e-01
 6.7633e+03 9.6510e-01
 6.7680e+03 9.5579e-01
 6.7727e+03 9.6091e-01
 6.7773e+03 9.5542e-01
 6.7820e+03 9.2468e-01
 6.7867e+03 9.3095e-01
 6.7913e+03 9.5286e-01
 6.7960e+03 9.5027e-01
 6.8007e+03 9.3471e-01
 6.8053e+03 9.4015e-01
 6.8100e+03 9.1680e-01
 6.8147e+03 8.7389e-01
 6.8193e+03 8.9398e-01
 6.8240e+03 9.5447e-01
 6.8287e+03 8.9828e-01
 6.8333e+03 8.7374e-01
 6.8380e+03 8.9735e-01
 6.8427e+03 8.4603e-01
 6.8473e+03 8.5884e-01
 6.8520e+03 9.1704e-01
 6.8567e+03 8.5434e-01
 6.8613e+03 8.6223e-01
 6.8660e+03 8.5438e-01
 6.8707e+03 8.9691e-01
 6.8753e+03 8.7602e-01
 6.8800e+03 9.2010e-01
 6.8847e+03 9.5652e-01
 6.8893e+03 9.2230e-01
 6.8940e+03 9.3658e-01
 6.8987e+03 9.4057e-01
 6.9033e+03 9.0375e-01
 6.9080e+03 9.7468e-01
 6.9127e+03 9.7724e-01
 6.9173e+03 9.4816e-01
 6.9220e+03 9.4988e-01
 6.9267e+03 9.3232e-01
 6.9313e+03 9.1194e-01
 6.9360e+03 9.7780e-01
 6.9407e+03 9.9273e-01
 6.9453e+03 9.3412e-01
 6.9500e+03 9.6156e-01
 6.9547e+03 9.5299e-01
 6.9593e+03 9.4967e-01
 6.9640e+03 9.6683e-01
 6.9687e+03 9.8847e-01
 6.9733e+03 9.5668e-01
 6.9780e+03 9.2277e-01
 6.9827e+03 9.5249e-01
 6.9873e+03 9.8018e-01
 6.9920e+03 9.6908e-01
 6.9967e+03 9.5957e-01
 7.0013e+03 9.7088e-01
 7.0060e+03 9.8149e-01
 7.0107e+03 9.6948e-01
 7.0153e+03 9.5990e-01
 7.0200e+03 9.6204e-01
 7.0247e+03 9.8383e-01
 7.0293e+03 9.7586e-01
 7.0340e+03 9.9657e-01
 7.0387e+03 9.9647e-01
 7.0433e+03 9.8732e-01
 7.0480e+03 9.9359e-01
 7.0527e+03 9.8376e-01
 7.0573e+03 9.8014e-01
 7.0620e+03 9.7565e-01
 7.0667e+03 9.6874e-01
 7.0713e+03 9.7106e-01
 7.0760e+03 9.8517e-01
 7.0807e+03 9.9188e-01
 7.0853e+03 9.9075e-01
 7.0900e+03 9.6545e-01
 7.0947e+03 9.6153e-01
 7.0993e+03 9.6124e-01
 7.1040e+03 9.6093e-01
 7.1087e+03 9.6064e-01
 7.1133e+03 9.6035e-01
 7.1180e+03 9.6006e-01
 7.1227e+03 9.5976e-01
 7.1273e+03 9.5947e-01
 7.1320e+03 9.5918e-01
 7.1367e+03 9.5889e-01
 7.1413e+03 9.5860e-01
 7.1460e+03 9.5831e-01
 7.1507e+03 9.5801e-01
 7.1553e+03 9.5772e-01
 7.1600e+03 9.5743e-01
 7.1647e+03 9.5714e-01
 7.1693e+03 9.5685e-01
 7.1740e+03 9.5656e-01
 7.1787e+03 9.5627e-01
 7.1833e+03 9.5598e-01
 7.1880e+03 9.5569e-01
 7.1927e+03 9.5541e-01
 7.1973e+03 9.5512e-01
 7.2020e+03 9.5483e-01
 7.2067e+03 9.5454e-01
 7.2113e+03 9.5426e-01
 7.2160e+03 9.5397e-01
 7.2207e+03 9.5368e-01
 7.2253e+03 9.5339e-01
 7.2300e+03 9.5310e-01
 7.2347e+03 9.5282e-01
 7.2393e+03 9.5253e-01
 7.2440e+03 9.5225e-01
 7.2487e+03 9.5196e-01
 7.2533e+03 9.5168e-01
 7.2580e+03 9.5139e-01
 7.2627e+03 9.5111e-01
 7.2673e+03 9.5082e-01
 7.2720e+03 9.5054e-01
 7.2767e+03 9.5026e-01
 7.2813e+03 9.4997e-01
 7.2860e+03 9.4969e-01
 7.2907e+03 9.4941e-01
 7.2953e+03 9.4912e-01
 7.3000e+03 9.4884e-01
 7.3047e+03 9.4856e-01
 7.3093e+03 9.4828e-01
 7.3140e+03 9.4799e-01
 7.3187e+03 9.4771e-01
 7.3233e+03 9.4743e-01
 7.3280e+03 9.4715e-01
 7.3327e+03 9.4687e-01
 7.3373e+03 9.4659e-01
 7.3420e+03 9.4631e-01
 7.3467e+03 9.4603e-01
 7.3513e+03 9.4575e-01
 7.3560e+03 9.4547e-01
 7.3607e+03 9.4519e-01
 7.3653e+03 9.4491e-01
 7.3700e+03 9.4463e-01
 7.3747e+03 9.4436e-01
 7.3793e+03 9.4408e-01
 7.3840e+03 9.4380e-01
 7.3887e+03 9.4352e-01
 7.3933e+03 9.4324e-01
 7.3980e+03 9.4297e-01
 7.4027e+03 9.4269e-01
 7.4073e+03 9.4242e-01
 7.4120e+03 9.4214e-01
 7.4167e+03 9.4186e-01
 7.4213e+03 9.4159e-01
 7.4260e+03 9.4131e-01
 7.4307e+03 9.4103e-01
 7.4353e+03 9.4076e-01
 7.4400e+03 9.4049e-01
 7.4447e+03 9.4021e-01
 7.4493e+03 9.3994e-01
 7.4540e+03 9.3966e-01
 7.4587e+03 9.3939e-01
 7.4633e+03 9.3912e-01
 7.4680e+03 9.3884e-01
 7.4727e+03 9.3857e-01
 7.4773e+03 9.3830e-01
 7.4820e+03 9.3802e-01
 7.4867e+03 9.3775e-01
 7.4913e+03 9.3748e-01
 7.4960e+03 9.3721e-01
 7.5007e+03 9.3694e-01
 7.5053e+03 9.3666e-01
 7.5100e+03 9.3640e-01
 7.5147e+03 9.3612e-01
 7.5193e+03 9.3585e-01
 7.5240e+03 9.3558e-01
 7.5287e+03 9.3531e-01
 7.5333e+03 9.3504e-01
 7.5380e+03 9.3477e-01
 7.5427e+03 9.3450e-01
 7.5473e+03 9.3424e-01
 7.5520e+03 9.3397e-01
 7.5567e+03 9.3370e-01
 7.5613e+03 9.3343e-01
 7.5660e+03 9.3316e-01
 7.5707e+03 9.3289e-01
 7.5753e+03 9.3263e-01
 7.5800e+03 9.3236e-01
 7.5847e+03 9.3209e-01
 7.5893e+03 9.3183e-01
 7.5940e+03 9.3156e-01
 7.5987e+03 9.3129e-01
 7.6033e+03 9.3102e-01
 7.6080e+03 9.3076e-01
 7.6127e+03 9.3049e-01
 7.6173e+03 9.3023e-01
 7.6220e+03 9.2996e-01
 7.6267e+03 9.2970e-01
 7.6313e+03 9.2943e-01
 7.6360e+03 9.2917e-01
 7.6407e+03 9.2890e-01
 7.6453e+03 9.2864e-01
 7.6500e+03 9.2838e-01
 7.6547e+03 9.2811e-01
 7.6593e+03 9.2785e-01
 7.6640e+03 9.2759e-01
 7.6687e+03 9.2732e-01
 7.6733e+03 9.2706e-01
 7.6780e+03 9.2680e-01
 7.6827e+03 9.2654e-01
 7.6873e+03 9.2628e-01
 7.6920e+03 9.2601e-01
 7.6967e+03 9.2575e-01
 7.7013e+03 9.2549e-01
 7.7060e+03 9.2523e-01
 7.7107e+03 9.2497e-01
 7.7153e+03 9.2471e-01
 7.7200e+03 9.2445e-01
 7.7247e+03 9.2419e-01
 7.7293e+03 9.2393e-01
 7.7340e+03 9.2367e-01
 7.7387e+03 9.2341e-01
 7.7433e+03 9.2315e-01
 7.7480e+03 9.2289e-01
 7.7527e+03 9.2263e-01
 7.7573e+03 9.2238e-01
 7.7620e+03 9.2212e-01
 7.7667e+03 9.2186e-01
 7.7713e+03 9.2160e-01
 7.7760e+03 9.2134e-01
 7.7807e+03 9.2109e-01
 7.7853e+03 9.2083e-01
 7.7900e+03 9.2057e-01
 7.7947e+03 9.2032e-01
 7.7993e+03 9.2006e-01
 7.8040e+03 9.1980e-01
 7.8087e+03 9.1955e-01
 7.8133e+03 9.1929e-01
 7.8180e+03 9.1903e-01
 7.8227e+03 9.1878e-01
 7.8273e+03 9.1853e-01
 7.8320e+03 9.1827e-01
 7.8367e+03 9.1802e-01
 7.8413e+03 9.1776e-01
 7.8460e+03 9.1751e-01
 7.8507e+03 9.1725e-01
 7.8553e+03 9.1700e-01
 7.8600e+03 9.1675e-01
 7.8647e+03 9.1649e-01
 7.8693e+03 9.1624e-01
 7.8740e+03 9.1599e-01
 7.8787e+03 9.1573e-01
 7.8833e+03 9.1548e-01
 7.8880e+03 9.1523e-01
 7.8927e+03 9.1498e-01
 7.8973e+03 9.1473e-01
 7.9020e+03 9.1448e-01
 7.9067e+03 9.1422e-01
 7.9113e+03 9.1397e-01
 7.9160e+03 9.1372e-01
 7.9207e+03 9.1347e-01
 7.9253e+03 9.1322e-01
 7.9300e+03 9.1297e-01
 7.9347e+03 9.1272e-01
 7.9393e+03 9.1247e-01
 7.9440e+03 9.1222e-01
 7.9487e+03 9.1197e-01
 7.9533e+03 9.1172e-01
 7.9580e+03 9.1147e-01
 7.9627e+03 9.1122e-01
 7.9673e+03 9.1098e-01
 7.9720e+03 9.1073e-01
 7.9767e+03 9.1048e-01
 7.9813e+03 9.1023e-01
 7.9860e+03 9.0998e-01
 7.9907e+03 9.0973e-01
 7.9953e+03 9.0949e-01
 8.0000e+03 9.0924e-01
 8.0047e+03 9.0899e-01
 8.0093e+03 9.0875e-01
 8.0140e+03 9.0850e-01
 8.0187e+03 9.0826e-01
 8.0233e+03 9.0801e-01
 8.0280e+03 9.0776e-01
 8.0327e+03 9.0752e-01
 8.0373e+03 9.0727e-01
 8.0420e+03 9.0703e-01
 8.0467e+03 9.0678e-01
 8.0513e+03 9.0654e-01
 8.0560e+03 9.0629e-01
 8.0607e+03 9.0605e-01
 8.0653e+03 9.0580e-01
 8.0700e+03 9.0556e-01
 8.0747e+03 9.0532e-01
 8.0793e+03 9.0508e-01
 8.0840e+03 9.0483e-01
 8.0887e+03 9.0459e-01
 8.0933e+03 9.0435e-01
 8.0980e+03 9.0410e-01
 8.1027e+03 9.0386e-01
 8.1073e+03 9.0362e-01
 8.1120e+03 9.0338e-01
 8.1167e+03 9.0313e-01
 8.1213e+03 9.0289e-01
 8.1260e+03 9.0265e-01
 8.1307e+03 9.0241e-01
 8.1353e+03 9.0217e-01
 8.1400e+03 9.0193e-01
 8.1447e+03 9.0169e-01
 8.1493e+03 9.0145e-01
 8.1540e+03 9.0121e-01
 8.1587e+03 9.0097e-01
 8.1633e+03 9.0073e-01
 8.1680e+03 9.0049e-01
 8.1727e+03 9.0025e-01
 8.1773e+03 9.0001e-01
 8.1820e+03 8.9977e-01
 8.1867e+03 8.9953e-01
 8.1913e+03 8.9929e-01
 8.1960e+03 8.9905e-01
 8.2007e+03 8.9881e-01
 8.2053e+03 8.9858e-01
 8.2100e+03 8.9834e-01
 8.2147e+03 8.9810e-01
 8.2193e+03 8.9786e-01
 8.2240e+03 8.9763e-01
 8.2287e+03 8.9739e-01
 8.2333e+03 8.9715e-01
 8.2380e+03 8.9692e-01
 8.2427e+03 8.9668e-01
 8.2473e+03 8.9644e-01
 8.2520e+03 8.9621e-01
 8.2567e+03 8.9597e-01
 8.2613e+03 8.9573e-01
 8.2660e+03 8.9550e-01
 8.2707e+03 8.9527e-01
 8.2753e+03 8.9503e-01
 8.2800e+03 8.9480e-01
 8.2847e+03 8.9456e-01
 8.2893e+03 8.9433e-01
 8.2940e+03 8.9409e-01
 8.2987e+03 8.9386e-01
 8.3033e+03 8.9362e-01
 8.3080e+03 8.9339e-01
 8.3127e+03 8.9316e-01
 8.3173e+03 8.9292e-01
 8.3220e+03 8.9269e-01
 8.3267e+03 8.9246e-01
 8.3313e+03 8.9222e-01
 8.3360e+03 8.9199e-01
 8.3407e+03 8.9176e-01
 8.3453e+03 8.9153e-01
 8.3500e+03 8.9130e-01
 8.3547e+03 8.9106e-01
 8.3593e+03 8.9083e-01
 8.3640e+03 8.9060e-01
 8.3687e+03 8.9037e-01
 8.3733e+03 8.9014e-01
 8.3780e+03 8.8991e-01
 8.3827e+03 8.8968e-01
 8.3873e+03 8.8945e-01
 8.3920e+03 8.8921e-01
 8.3967e+03 8.8899e-01
 8.4013e+03 8.8876e-01
 8.4060e+03 8.8853e-01
 8.4107e+03 8.8830e-01
 8.4153e+03 8.8807e-01
 8.4200e+03 8.8784e-01
 8.4247e+03 8.8761e-01
 8.4293e+03 8.8738e-01
 8.4340e+03 8.8715e-01
 8.4387e+03 8.8692e-01
 8.4433e+03 8.8669e-01
 8.4480e+03 8.8647e-01
 8.4527e+03 8.8624e-01
 8.4573e+03 8.8601e-01
 8.4620e+03 8.8578e-01
 8.4667e+03 8.8556e-01
 8.4713e+03 8.8533e-01
 8.4760e+03 8.8510e-01
 8.4807e+03 8.8487e-01
 8.4853e+03 8.8465e-01
 8.4900e+03 8.8442e-01
 8.4947e+03 8.8420e-01
 8.4993e+03 8.8397e-01
 8.5040e+03 8.8374e-01
 8.5087e+03 8.8352e-01
 8.5133e+03 8.8329e-01
 8.5180e+03 8.8307e-01
 8.5227e+03 8.8284e-01
 8.5273e+03 8.8262e-01
 8.5320e+03 8.8239e-01
 8.5367e+03 8.8217e-01
 8.5413e+03 8.8194e-01
 8.5460e+03 8.8172e-01
 8.5507e+03 8.8150e-01
 8.5553e+03 8.8127e-01
 8.5600e+03 8.8105e-01
 8.5647e+03 8.8083e-01
 8.5693e+03 8.8060e-01
 8.5740e+03 8.8038e-01
 8.5787e+03 8.8016e-01
 8.5833e+03 8.7993e-01
 8.5880e+03 8.7971e-01
 8.5927e+03 8.7949e-01
 8.5973e+03 8.7926e-01
 8.6020e+03 8.7904e-01
 8.6067e+03 8.7882e-01
 8.6113e+03 8.7860e-01
 8.6160e+03 8.7838e-01
 8.6207e+03 8.7816e-01
 8.6253e+03 8.7793e-01
 8.6300e+03 8.7771e-01
 8.6347e+03 8.7749e-01
 8.6393e+03 8.7727e-01
 8.6440e+03 8.7705e-01
 8.6487e+03 8.7683e-01
 8.6533e+03 8.7661e-01
 8.6580e+03 8.7639e-01
 8.6627e+03 8.7617e-01
 8.6673e+03 8.7595e-01
 8.6720e+03 8.7573e-01
 8.6767e+03 8.7551e-01
 8.6813e+03 8.7529e-01
 8.6860e+03 8.7507e-01
 8.6907e+03 8.7486e-01
 8.6953e+03 8.7464e-01
 8.7000e+03 8.7442e-01
 8.7047e+03 8.7420e-01
 8.7093e+03 8.7398e-01
 8.7140e+03 8.7377e-01
 8.7187e+03 8.7355e-01
 8.7233e+03 8.7333e-01
 8.7280e+03 8.7311e-01
 8.7327e+03 8.7290e-01
 8.7373e+03 8.7268e-01
 8.7420e+03 8.7246e-01
 8.7467e+03 8.7224e-01
 8.7513e+03 8.7203e-01
 8.7560e+03 8.7181e-01
 8.7607e+03 8.7159e-01
 8.7653e+03 8.7138e-01
 8.7700e+03 8.7116e-01
 8.7747e+03 8.7095e-01
 8.7793e+03 8.7073e-01
 8.7840e+03 8.7052e-01
 8.7887e+03 8.7030e-01
 8.7933e+03 8.7009e-01
 8.7980e+03 8.6987e-01
 8.8027e+03 8.6966e-01
 8.8073e+03 8.6944e-01
 8.8120e+03 8.6922e-01
 8.8167e+03 8.6901e-01
 8.8213e+03 8.6880e-01
 8.8260e+03 8.6858e-01
 8.8307e+03 8.6837e-01
 8.8353e+03 8.6816e-01
 8.8400e+03 8.6794e-01
 8.8447e+03 8.6773e-01
 8.8493e+03 8.6752e-01
 8.8540e+03 8.6730e-01
 8.8587e+03 8.6709e-01
 8.8633e+03 8.6688e-01
 8.8680e+03 8.6667e-01
 8.8727e+03 8.6645e-01
 8.8773e+03 8.6624e-01
 8.8820e+03 8.6603e-01
 8.8867e+03 8.6582e-01
 8.8913e+03 8.6561e-01
 8.8960e+03 8.6540e-01
 8.9007e+03 8.6518e-01
 8.9053e+03 8.6498e-01
 8.9100e+03 8.6476e-01
 8.9147e+03 8.6455e-01
 8.9193e+03 8.6434e-01
 8.9240e+03 8.6413e-01
 8.9287e+03 8.6392e-01
 8.9333e+03 8.6371e-01
 8.9380e+03 8.6350e-01
 8.9427e+03 8.6329e-01
 8.9473e+03 8.6308e-01
 8.9520e+03 8.6287e-01
 8.9567e+03 8.6266e-01
 8.9613e+03 8.6245e-01
 8.9660e+03 8.6224e-01
 8.9707e+03 8.6204e-01
 8.9753e+03 8.6183e-01
 8.9800e+03 8.6162e-01
 8.9847e+03 8.6141e-01
 8.9893e+03 8.6120e-01
 8.9940e+03 8.6099e-01
 8.9987e+03 8.6079e-01
 9.0033e+03 8.6058e-01
 9.0080e+03 8.6037e-01
 9.0127e+03 8.6016e-01
 9.0173e+03 8.5996e-01
 9.0220e+03 8.5975e-01
 9.0267e+03 8.5954e-01
 9.0313e+03 8.5933e-01
 9.0360e+03 8.5913e-01
 9.0407e+03 8.5892e-01
 9.0453e+03 8.5871e-01
 9.0500e+03 8.5851e-01
 9.0547e+03 8.5830e-01
 9.0593e+03 8.5810e-01
 9.0640e+03 8.5789e-01
 9.0687e+03 8.5769e-01
 9.0733e+03 8.5748e-01
 9.0780e+03 8.5727e-01
 9.0827e+03 8.5707e-01
 9.0873e+03 8.5687e-01
 9.0920e+03 8.5666e-01
 9.0967e+03 8.5646e-01
 9.1013e+03 8.5625e-01
 9.1060e+03 8.5605e-01
 9.1107e+03 8.5584e-01
 9.1153e+03 8.5564e-01
 9.1200e+03 8.5544e-01
 9.1247e+03 8.5523e-01
 9.1293e+03 8.5503e-01
 9.1340e+03 8.5482e-01
 9.1387e+03 8.5462e-01
 9.1433e+03 8.5442e-01
 9.1480e+03 8.5421e-01
 9.1527e+03 8.5401e-01
 9.1573e+03 8.5381e-01
 9.1620e+03 8.5361e-01
 9.1667e+03 8.5341e-01
 9.1713e+03 8.5320e-01
 9.1760e+03 8.5300e-01
 9.1807e+03 8.5280e-01
 9.1853e+03 8.5260e-01
 9.1900e+03 8.5239e-01
 9.1947e+03 8.5219e-01
 9.1993e+03 8.5199e-01
 9.2040e+03 8.5179e-01
 9.2087e+03 8.5159e-01
 9.2133e+03 8.5139e-01
 9.2180e+03 8.5119e-01
 9.2227e+03 8.5099e-01
 9.2273e+03 8.5079e-01
 9.2320e+03 8.5059e-01
 9.2367e+03 8.5039e-01
 9.2413e+03 8.5019e-01
 9.2460e+03 8.4999e-01
 9.2507e+03 8.4979e-01
 9.2553e+03 8.4959e-01
 9.2600e+03 8.4939e-01
 9.2647e+03 8.4919e-01
 9.2693e+03 8.4899e-01
 9.2740e+03 8.4879e-01
 9.2787e+03 8.4859e-01
 9.2833e+03 8.4839e-01
 9.2880e+03 8.4820e-01
 9.2927e+03 8.4800e-01
 9.2973e+03 8.4780e-01
 9.3020e+03 8.4760e-01
 9.3067e+03 8.4740e-01
 9.3113e+03 8.4721e-01
 9.3160e+03 8.4701e-01
 9.3207e+03 8.4681e-01
 9.3253e+03 8.4662e-01
 9.3300e+03 8.4642e-01
 9.3347e+03 8.4622e-01
 9.3393e+03 8.4602e-01
 9.3440e+03 8.4583e-01
 9.3487e+03 8.4563e-01
 9.3533e+03 8.4543e-01
 9.3580e+03 8.4524e-01
 9.3627e+03 8.4504e-01
 9.3673e+03 8.4484e-01
 9.3720e+03 8.4465e-01
 9.3767e+03 8.4445e-01
 9.3813e+03 8.4426e-01
 9.3860e+03 8.4406e-01
 9.3907e+03 8.4387e-01
 9.3953e+03 8.4367e-01
 9.4000e+03 8.4347e-01
 9.4047e+03 8.4328e-01
 9.4093e+03 8.4309e-01
 9.4140e+03 8.4289e-01
 9.4187e+03 8.4270e-01
 9.4233e+03 8.4250e-01
 9.4280e+03 8.4231e-01
 9.4327e+03 8.4212e-01
 9.4373e+03 8.4192e-01
 9.4420e+03 8.4173e-01
 9.4467e+03 8.4153e-01
 9.4513e+03 8.4134e-01
 9.4560e+03 8.4115e-01
 9.4607e+03 8.4095e-01
 9.4653e+03 8.4076e-01
 9.4700e+03 8.4057e-01
 9.4747e+03 8.4038e-01
 9.4793e+03 8.4018e-01
 9.4840e+03 8.3999e-01
 9.4887e+03 8.3980e-01
 9.4933e+03 8.3961e-01
 9.4980e+03 8.3941e-01
 9.5027e+03 8.3922e-01
 9.5073e+03 8.3903e-01
 9.5120e+03 8.3884e-01
 9.5167e+03 8.3865e-01
 9.5213e+03 8.3846e-01
 9.5260e+03 8.3826e-01
 9.5307e+03 8.3807e-01
 9.5353e+03 8.3788e-01
 9.5400e+03 8.3769e-01
 9.5447e+03 8.3750e-01
 9.5493e+03 8.3731e-01
 9.5540e+03 8.3712e-01
 9.5587e+03 8.3693e-01
 9.5633e+03 8.3674e-01
 9.5680e+03 8.3655e-01
 9.5727e+03 8.3636e-01
 9.5773e+03 8.3617e-01
 9.5820e+03 8.3598e-01
 9.5867e+03 8.3579e-01
 9.5913e+03 8.3560e-01
 9.5960e+03 8.3541e-01
 9.6007e+03 8.3522e-01
 9.6053e+03 8.3503e-01
 9.6100e+03 8.3484e-01
 9.6147e+03 8.3465e-01
 9.6193e+03 8.3447e-01
 9.6240e+03 8.3428e-01
 9.6287e+03 8.3409e-01
 9.6333e+03 8.3390e-01
 9.6380e+03 8.3372e-01
 9.6427e+03 8.3353e-01
 9.6473e+03 8.3334e-01
 9.6520e+03 8.3315e-01
 9.6567e+03 8.3296e-01
 9.6613e+03 8.3278e-01
 9.6660e+03 8.3259e-01
 9.6707e+03 8.3240e-01
 9.6753e+03 8.3221e-01
 9.6800e+03 8.3203e-01
 9.6847e+03 8.3184e-01
 9.6893e+03 8.3166e-01
 9.6940e+03 8.3147e-01
 9.6987e+03 8.3128e-01
 9.7033e+03 8.3110e-01
 9.7080e+03 8.3091e-01
 9.7127e+03 8.3072e-01
 9.7173e+03 8.3054e-01
 9.7220e+03 8.3035e-01
 9.7267e+03 8.3017e-01
 9.7313e+03 8.2998e-01
 9.7360e+03 8.2980e-01
 9.7407e+03 8.2961e-01
 9.7453e+03 8.2943e-01
 9.7500e+03 8.2924e-01
 9.7547e+03 8.2906e-01
 9.7593e+03 8.2887e-01
 9.7640e+03 8.2869e-01
 9.7687e+03 8.2850e-01
 9.7733e+03 8.2832e-01
 9.7780e+03 8.2814e-01
 9.7827e+03 8.2795e-01
 9.7873e+03 8.2777e-01
 9.7920e+03 8.2758e-01
 9.7967e+03 8.2740e-01
 9.8013e+03 8.2722e-01
 9.8060e+03 8.2703e-01
 9.8107e+03 8.2685e-01
 9.8153e+03 8.2667e-01
 9.8200e+03 8.2648e-01
 9.8247e+03 8.2630e-01
 9.8293e+03 8.2612e-01
 9.8340e+03 8.2594e-01
 9.8387e+03 8.2575e-01
 9.8433e+03 8.2557e-01
 9.8480e+03 8.2539e-01
 9.8527e+03 8.2521e-01
 9.8573e+03 8.2503e-01
 9.8620e+03 8.2484e-01
 9.8667e+03 8.2466e-01
 9.8713e+03 8.2448e-01
 9.8760e+03 8.2430e-01
 9.8807e+03 8.2412e-01
 9.8853e+03 8.2394e-01
 9.8900e+03 8.2376e-01
 9.8947e+03 8.2357e-01
 9.8993e+03 8.2339e-01
 9.9040e+03 8.2321e-01
 9.9087e+03 8.2303e-01
 9.9133e+03 8.2285e-01
 9.9180e+03 8.2267e-01
 9.9227e+03 8.2249e-01
 9.9273e+03 8.2231e-01
 9.9320e+03 8.2213e-01
 9.9367e+03 8.2195e-01
 9.9413e+03 8.2177e-01
 9.9460e+03 8.2159e-01
 9.9507e+03 8.2141e-01
 9.9553e+03 8.2123e-01
 9.9600e+03 8.2105e-01
 9.9647e+03 8.2088e-01
 9.9693e+03 8.2070e-01
 9.9740e+03 8.2052e-01
 9.9787e+03 8.2034e-01
 9.9833e+03 8.2016e-01
 9.9880e+03 8.1998e-01
 9.9927e+03 8.1980e-01
 9.9973e+03 8.1963e-01
 1.0002e+04 8.1945e-01
 1.0007e+04 8.1928e-01
 1.0011e+04 8.1909e-01
 1.0016e+04 8.1891e-01
 1.0021e+04 8.1874e-01
 1.0025e+04 8.1857e-01
 1.0030e+04 8.1838e-01
 1.0035e+04 8.1820e-01
 1.0039e+04 8.1803e-01
 1.0044e+04 8.1786e-01
 1.0049e+04 8.1767e-01
 1.0053e+04 8.1750e-01
 1.0058e+04 8.1732e-01
 1.0063e+04 8.1715e-01
 1.0067e+04 8.1697e-01
 1.0072e+04 8.1679e-01
 1.0077e+04 8.1662e-01
 1.0081e+04 8.1645e-01
 1.0086e+04 8.1626e-01
 1.0091e+04 8.1609e-01
 1.0095e+04 8.1591e-01
 1.0100e+04 8.1574e-01
 1.0105e+04 8.1556e-01
 1.0109e+04 8.1538e-01
 1.0114e+04 8.1521e-01
 1.0119e+04 8.1504e-01
 1.0123e+04 8.1486e-01
 1.0128e+04 8.1468e-01
 1.0133e+04 8.1451e-01
 1.0137e+04 8.1434e-01
 1.0142e+04 8.1416e-01
 1.0147e+04 8.1399e-01
 1.0151e+04 8.1381e-01
 1.0156e+04 8.1364e-01
 1.0161e+04 8.1347e-01
 1.0165e+04 8.1329e-01
 1.0170e+04 8.1312e-01
 1.0175e+04 8.1295e-01
 1.0179e+04 8.1277e-01
 1.0184e+04 8.1260e-01
 1.0189e+04 8.1242e-01
 1.0193e+04 8.1225e-01
 1.0198e+04 8.1209e-01
 1.0203e+04 8.1191e-01
 1.0207e+04 8.1173e-01
 1.0212e+04 8.1156e-01
 1.0217e+04 8.1139e-01
 1.0221e+04 8.1122e-01
 1.0226e+04 8.1104e-01
 1.0231e+04 8.1087e-01
 1.0235e+04 8.1070e-01
 1.0240e+04 8.1053e-01
 1.0245e+04 8.1035e-01
 1.0249e+04 8.1018e-01
 1.0254e+04 8.1002e-01
 1.0259e+04 8.0984e-01
 1.0263e+04 8.0967e-01
 1.0268e+04 8.0950e-01
 1.0273e+04 8.0933e-01
 1.0277e+04 8.0915e-01
 1.0282e+04 8.0898e-01
 1.0287e+04 8.0881e-01
 1.0291e+04 8.0865e-01
 1.0296e+04 8.0847e-01
 1.0301e+04 8.0830e-01
 1.0305e+04 8.0813e-01
 1.0310e+04 8.0796e-01
 1.0315e+04 8.0779e-01
 1.0319e+04 8.0762e-01
 1.0324e+04 8.0745e-01
 1.0329e+04 8.0729e-01
 1.0333e+04 8.0711e-01
 1.0338e+04 8.0694e-01
 1.0343e+04 8.0677e-01
 1.0347e+04 8.0660e-01
 1.0352e+04 8.0643e-01
 1.0357e+04 8.0626e-01
 1.0361e+04 8.0609e-01
 1.0366e+04 8.0593e-01
 1.0371e+04 8.0575e-01
 1.0375e+04 8.0558e-01
 1.0380e+04 8.0542e-01
 1.0385e+04 8.0525e-01
 1.0389e+04 8.0508e-01
 1.0394e+04 8.0491e-01
 1.0399e+04 8.0474e-01
 1.0403e+04 8.0458e-01
 1.0408e+04 8.0441e-01
 1.0413e+04 8.0424e-01
 1.0417e+04 8.0407e-01
 1.0422e+04 8.0391e-01
 1.0427e+04 8.0374e-01
 1.0431e+04 8.0357e-01
 1.0436e+04 8.0340e-01
 1.0441e+04 8.0324e-01
 1.0445e+04 8.0307e-01
 1.0450e+04 8.0290e-01
 1.0455e+04 8.0273e-01
 1.0459e+04 8.0257e-01
 1.0464e+04 8.0241e-01
 1.0469e+04 8.0223e-01
 1.0473e+04 8.0207e-01
 1.0478e+04 8.0190e-01
 1.0483e+04 8.0174e-01
 1.0487e+04 8.0157e-01
 1.0492e+04 8.0140e-01
 1.0497e+04 8.0124e-01
 1.0501e+04 8.0108e-01
 1.0506e+04 8.0091e-01
 1.0511e+04 8.0074e-01
 1.0515e+04 8.0058e-01
 1.0520e+04 8.0042e-01
 1.0525e+04 8.0024e-01
 1.0529e+04 8.0008e-01
 1.0534e+04 7.9992e-01
 1.0539e+04 7.9975e-01
 1.0543e+04 7.9958e-01
 1.0548e+04 7.9942e-01
 1.0553e+04 7.9926e-01
 1.0557e+04 7.9910e-01
 1.0562e+04 7.9893e-01
 1.0567e+04 7.9876e-01
 1.0571e+04 7.9860e-01
 1.0576e+04 7.9844e-01
 1.0581e+04 7.9827e-01
 1.0585e+04 7.9810e-01
 1.0590e+04 7.9794e-01
 1.0595e+04 7.9778e-01
 1.0599e+04 7.9762e-01
 1.0604e+04 7.9745e-01
 1.0609e+04 7.9729e-01
 1.0613e+04 7.9713e-01
 1.0618e+04 7.9696e-01
 1.0623e+04 7.9680e-01
 1.0627e+04 7.9664e-01
 1.0632e+04 7.9648e-01
 1.0637e+04 7.9631e-01
 1.0641e+04 7.9614e-01
 1.0646e+04 7.9599e-01
 1.0651e+04 7.9583e-01
 1.0655e+04 7.9566e-01
 1.0660e+04 7.9550e-01
 1.0665e+04 7.9534e-01
 1.0669e+04 7.9518e-01
 1.0674e+04 7.9501e-01
 1.0679e+04 7.9485e-01
 1.0683e+04 7.9469e-01
 1.0688e+04 7.9453e-01
 1.0693e+04 7.9437e-01
 1.0697e+04 7.9420e-01
 1.0702e+04 7.9405e-01
 1.0707e+04 7.9389e-01
 1.0711e+04 7.9372e-01
 1.0716e+04 7.9356e-01
 1.0721e+04 7.9340e-01
 1.0725e+04 7.9324e-01
 1.0730e+04 7.9308e-01
 1.0735e+04 7.9292e-01
 1.0739e+04 7.9276e-01
 1.0744e+04 7.9260e-01
 1.0749e+04 7.9244e-01
 1.0753e+04 7.9228e-01
 1.0758e+04 7.9212e-01
 1.0763e+04 7.9196e-01
 1.0767e+04 7.9180e-01
 1.0772e+04 7.9164e-01
 1.0777e+04 7.9148e-01
 1.0781e+04 7.9132e-01
 1.0786e+04 7.9116e-01
 1.0791e+04 7.9100e-01
 1.0795e+04 7.9084e-01
 1.0800e+04 7.9068e-01
 1.0805e+04 7.9053e-01
 1.0809e+04 7.9036e-01
 1.0814e+04 7.9020e-01
 1.0819e+04 7.9005e-01
 1.0823e+04 7.8989e-01
 1.0828e+04 7.8973e-01
 1.0833e+04 7.8957e-01
 1.0837e+04 7.8941e-01
 1.0842e+04 7.8926e-01
 1.0847e+04 7.8909e-01
 1.0851e+04 7.8893e-01
 1.0856e+04 7.8878e-01
 1.0861e+04 7.8863e-01
 1.0865e+04 7.8846e-01
 1.0870e+04 7.8830e-01
 1.0875e+04 7.8815e-01
 1.0879e+04 7.8800e-01
 1.0884e+04 7.8783e-01
 1.0889e+04 7.8767e-01
 1.0893e+04 7.8752e-01
 1.0898e+04 7.8737e-01
 1.0903e+04 7.8720e-01
 1.0907e+04 7.8705e-01
 1.0912e+04 7.8689e-01
 1.0917e+04 7.8674e-01
 1.0921e+04 7.8658e-01
 1.0926e+04 7.8642e-01
 1.0931e+04 7.8627e-01
 1.0935e+04 7.8611e-01
 1.0940e+04 7.8595e-01
 1.0945e+04 7.8580e-01
 1.0949e+04 7.8564e-01
 1.0954e+04 7.8549e-01
 1.0959e+04 7.8533e-01
 1.0963e+04 7.8518e-01
 1.0968e+04 7.8502e-01
 1.0973e+04 7.8487e-01
 1.0977e+04 7.8471e-01
 1.0982e+04 7.8456e-01
 1.0987e+04 7.8440e-01
 1.0991e+04 7.8425e-01
 1.0996e+04 7.8409e-01
 1.1001e+04 7.8393e-01
 1.1005e+04 7.8378e-01
 1.1010e+04 7.8363e-01
 1.1015e+04 7.8347e-01
 1.1019e+04 7.8332e-01
 1.1024e+04 7.8316e-01
 1.1029e+04 7.8301e-01
 1.1033e+04 7.8286e-01
 1.1038e+04 7.8270e-01
 1.1043e+04 7.8254e-01
 1.1047e+04 7.8239e-01
 1.1052e+04 7.8224e-01
 1.1057e+04 7.8208e-01
 1.1061e+04 7.8193e-01
 1.1066e+04 7.8178e-01
 1.1071e+04 7.8163e-01
 1.1075e+04 7.8147e-01
 1.1080e+04 7.8131e-01
 1.1085e+04 7.8116e-01
 1.1089e+04 7.8101e-01
 1.1094e+04 7.8086e-01
 1.1099e+04 7.8070e-01
 1.1103e+04 7.8055e-01
 1.1108e+04 7.8040e-01
 1.1113e+04 7.8024e-01
 1.1117e+04 7.8009e-01
 1.1122e+04 7.7994e-01
 1.1127e+04 7.7979e-01
 1.1131e+04 7.7963e-01
 1.1136e+04 7.7948e-01
 1.1141e+04 7.7933e-01
 1.1145e+04 7.7918e-01
 1.1150e+04 7.7903e-01
 1.1155e+04 7.7887e-01
 1.1159e+04 7.7872e-01
 1.1164e+04 7.7858e-01
 1.1169e+04 7.7842e-01
 1.1173e+04 7.7827e-01
 1.1178e+04 7.7812e-01
 1.1183e+04 7.7797e-01
 1.1187e+04 7.7782e-01
 1.1192e+04 7.7766e-01
 1.1197e+04 7.7751e-01
 1.1201e+04 7.7737e-01
 1.1206e+04 7.7721e-01
 1.1211e+04 7.7706e-01
 1.1215e+04 7.7691e-01
 1.1220e+04 7.7676e-01
 1.1225e+04 7.7661e-01
 1.1229e+04 7.7646e-01
 1.1234e+04 7.7631e-01
 1.1239e+04 7.7617e-01
 1.1243e+04 7.7601e-01
 1.1248e+04 7.7586e-01
 1.1253e+04 7.7571e-01
 1.1257e+04 7.7556e-01
 1.1262e+04 7.7542e-01
 1.1267e+04 7.7526e-01
 1.1271e+04 7.7511e-01
 1.1276e+04 7.7497e-01
 1.1281e+04 7.7482e-01
 1.1285e+04 7.7467e-01
 1.1290e+04 7.7452e-01
 1.1295e+04 7.7437e-01
 1.1299e+04 7.7422e-01
 1.1304e+04 7.7407e-01
 1.1309e+04 7.7392e-01
 1.1313e+04 7.7377e-01
 1.1318e+04 7.7363e-01
 1.1323e+04 7.7347e-01
 1.1327e+04 7.7333e-01
 1.1332e+04 7.7318e-01
 1.1337e+04 7.7303e-01
 1.1341e+04 7.7288e-01
 1.1346e+04 7.7273e-01
 1.1351e+04 7.7259e-01
 1.1355e+04 7.7244e-01
 1.1360e+04 7.7229e-01
 1.1365e+04 7.7214e-01
 1.1369e+04 7.7200e-01
 1.1374e+04 7.7185e-01
 1.1379e+04 7.7170e-01
 1.1383e+04 7.7155e-01
 1.1388e+04 7.7141e-01
 1.1393e+04 7.7126e-01
 1.1397e+04 7.7111e-01
 1.1402e+04 7.7096e-01
 1.1407e+04 7.7082e-01
 1.1411e+04 7.7068e-01
 1.1416e+04 7.7052e-01
 1.1421e+04 7.7037e-01
 1.1425e+04 7.7023e-01
 1.1430e+04 7.7009e-01
 1.1435e+04 7.6994e-01
 1.1439e+04 7.6979e-01
 1.1444e+04 7.6965e-01
 1.1449e+04 7.6950e-01
 1.1453e+04 7.6935e-01
 1.1458e+04 7.6920e-01
 1.1463e+04 7.6906e-01
 1.1467e+04 7.6892e-01
 1.1472e+04 7.6877e-01
 1.1477e+04 7.6862e-01
 1.1481e+04 7.6848e-01
 1.1486e+04 7.6834e-01
 1.1491e+04 7.6819e-01
 1.1495e+04 7.6804e-01
 1.1500e+04 7.6790e-01
 1.1505e+04 7.6776e-01
 1.1509e+04 7.6761e-01
 1.1514e+04 7.6747e-01
 1.1519e+04 7.6732e-01
 1.1523e+04 7.6718e-01
 1.1528e+04 7.6703e-01
 1.1533e+04 7.6689e-01
 1.1537e+04 7.6674e-01
 1.1542e+04 7.6660e-01
 1.1547e+04 7.6646e-01
 1.1551e+04 7.6631e-01
 1.1556e+04 7.6616e-01
 1.1561e+04 7.6602e-01
 1.1565e+04 7.6588e-01
 1.1570e+04 7.6573e-01
 1.1575e+04 7.6559e-01
 1.1579e+04 7.6545e-01
 1.1584e+04 7.6531e-01
 1.1589e+04 7.6516e-01
 1.1593e+04 7.6501e-01
 1.1598e+04 7.6487e-01
 1.1603e+04 7.6473e-01
 1.1607e+04 7.6458e-01
 1.1612e+04 7.6444e-01
 1.1617e+04 7.6430e-01
 1.1621e+04 7.6416e-01
 1.1626e+04 7.6401e-01
 1.1631e+04 7.6387e-01
 1.1635e+04 7.6373e-01
 1.1640e+04 7.6359e-01
 1.1645e+04 7.6344e-01
 1.1649e+04 7.6330e-01
 1.1654e+04 7.6316e-01
 1.1659e+04 7.6302e-01
 1.1663e+04 7.6287e-01
 1.1668e+04 7.6273e-01
 1.1673e+04 7.6259e-01
 1.1677e+04 7.6245e-01
 1.1682e+04 7.6230e-01
 1.1687e+04 7.6216e-01
 1.1691e+04 7.6202e-01
 1.1696e+04 7.6188e-01
 1.1701e+04 7.6174e-01
 1.1705e+04 7.6160e-01
 1.1710e+04 7.6146e-01
 1.1715e+04 7.6132e-01
 1.1719e+04 7.6117e-01
 1.1724e+04 7.6103e-01
 1.1729e+04 7.6089e-01
 1.1733e+04 7.6075e-01
 1.1738e+04 7.6061e-01
 1.1743e+04 7.6047e-01
 1.1747e+04 7.6033e-01
 1.1752e+04 7.6019e-01
 1.1757e+04 7.6005e-01
 1.1761e+04 7.5991e-01
 1.1766e+04 7.5977e-01
 1.1771e+04 7.5963e-01
 1.1775e+04 7.5949e-01
 1.1780e+04 7.5935e-01
 1.1785e+04 7.5920e-01
 1.1789e+04 7.5907e-01
 1.1794e+04 7.5893e-01
 1.1799e+04 7.5879e-01
 1.1803e+04 7.5865e-01
 1.1808e+04 7.5851e-01
 1.1813e+04 7.5837e-01
 1.1817e+04 7.5823e-01
 1.1822e+04 7.5809e-01
 1.1827e+04 7.5795e-01
 1.1831e+04 7.5782e-01
 1.1836e+04 7.5767e-01
 1.1841e+04 7.5753e-01
 1.1845e+04 7.5739e-01
 1.1850e+04 7.5726e-01
 1.1855e+04 7.5711e-01
 1.1859e+04 7.5698e-01
 1.1864e+04 7.5684e-01
 1.1869e+04 7.5670e-01
 1.1873e+04 7.5656e-01
 1.1878e+04 7.5642e-01
 1.1883e+04 7.5629e-01
 1.1887e+04 7.5615e-01
 1.1892e+04 7.5601e-01
 1.1897e+04 7.5587e-01
 1.1901e+04 7.5573e-01
 1.1906e+04 7.5560e-01
 1.1911e+04 7.5546e-01
 1.1915e+04 7.5532e-01
 1.1920e+04 7.5518e-01
 1.1925e+04 7.5505e-01
 1.1929e+04 7.5490e-01
 1.1934e+04 7.5477e-01
 1.1939e+04 7.5463e-01
 1.1943e+04 7.5450e-01
 1.1948e+04 7.5436e-01
 1.1953e+04 7.5422e-01
 1.1957e+04 7.5408e-01
 1.1962e+04 7.5395e-01
 1.1967e+04 7.5381e-01
 1.1971e+04 7.5367e-01
 1.1976e+04 7.5353e-01
 1.1981e+04 7.5340e-01
 1.1985e+04 7.5326e-01
 1.1990e+04 7.5312e-01
 1.1995e+04 7.5299e-01
 1.1999e+04 7.5286e-01
