#  Table pcf469nsys.tab  Mon 12:21:14 02-Jun-97

#      WAVELENGTH      THROUGHPUT
#       angstroms                

            1949     0.
            1950.     8.143702E-9
            1951.     8.080375E-9
            1952.     8.016690E-9
            1953.     7.952642E-9
            1954.     7.888237E-9
            1955.     7.823469E-9
            1956.     7.758333E-9
            1957.     7.692853E-9
            1958.     7.627004E-9
            1959.     7.560804E-9
            1960.     7.494222E-9
            1961.     7.427419E-9
            1962.     7.360267E-9
            1963.     7.292742E-9
            1964.     7.224852E-9
            1965.     7.156596E-9
            1966.     7.087974E-9
            1967.     7.018986E-9
            1968.     6.949632E-9
            1969.     6.879913E-9
            1970.     6.809835E-9
            1971.     6.739543E-9
            1972.     6.668881E-9
            1973.     6.597864E-9
            1974.     6.526468E-9
            1975.     6.454700E-9
            1976.     6.382560E-9
            1977.     6.310056E-9
            1978.     6.237162E-9
            1979.     6.163904E-9
            1980.     6.090275E-9
            1981.     6.016368E-9
            1982.     5.942085E-9
            1983.     5.867426E-9
            1984.     5.792391E-9
            1985.     5.716970E-9
            1986.     5.641191E-9
            1987.     5.565027E-9
            1988.     5.488494E-9
            1989.     5.411565E-9
            1990.     5.334260E-9
            1991.     5.256670E-9
            1992.     5.178693E-9
            1993.     5.100333E-9
            1994.     5.021593E-9
            1995.     4.942473E-9
            1996.     4.862972E-9
            1997.     4.783089E-9
            1998.     4.702827E-9
            1999.     4.622181E-9
            2000.     4.541156E-9
            2001.     4.461569E-9
            2002.     4.381552E-9
            2003.     4.301069E-9
            2004.     4.220157E-9
            2005.     4.138784E-9
            2006.     4.056973E-9
            2007.     3.974689E-9
            2008.     3.891953E-9
            2009.     3.808785E-9
            2010.     3.725154E-9
            2011.     3.641105E-9
            2012.     3.556598E-9
            2013.     3.471635E-9
            2014.     3.386203E-9
            2015.     3.300333E-9
            2016.     3.213994E-9
            2017.     3.127204E-9
            2018.     3.039934E-9
            2019.     2.952201E-9
            2020.     2.864027E-9
            2021.     2.775364E-9
            2022.     2.686250E-9
            2023.     2.596650E-9
            2024.     2.506598E-9
            2025.     2.416080E-9
            2026.     2.325096E-9
            2027.     2.233647E-9
            2028.     2.141731E-9
            2029.     2.049346E-9
            2030.     1.956483E-9
            2031.     1.863164E-9
            2032.     1.769364E-9
            2033.     1.675107E-9
            2034.     1.580356E-9
            2035.     1.485158E-9
            2036.     1.389464E-9
            2037.     1.293310E-9
            2038.     1.196683E-9
            2039.     1.099582E-9
            2040.     1.002006E-9
            2041.    9.039445E-10
            2042.    8.054093E-10
            2043.    7.063999E-10
            2044.    6.069156E-10
            2045.    5.069559E-10
            2046.    4.065077E-10
            2047.    3.056071E-10
            2048.    2.042166E-10
            2049.    1.023478E-10
            2050.              0.
            4451.    5.418060E-10
            4452.     1.083828E-9
            4453.     1.626066E-9
            4454.     2.168524E-9
            4455.     2.711195E-9
            4456.     3.254082E-9
            4457.     3.797184E-9
            4458.     4.340504E-9
            4459.     4.884040E-9
            4460.     5.427794E-9
            4461.     5.971762E-9
            4462.     6.515945E-9
            4463.     7.060344E-9
            4464.     7.604960E-9
            4465.     8.150059E-9
            4466.     8.694845E-9
            4467.     9.240106E-9
            4468.     9.785588E-9
            4469.     1.033128E-8
            4470.     1.087693E-8
            4471.     1.142306E-8
            4472.     1.196967E-8
            4473.     1.251623E-8
            4474.     1.306300E-8
            4475.     1.360999E-8
            4476.     1.415720E-8
            4477.     1.470462E-8
            4478.     1.525226E-8
            4479.     1.580012E-8
            4480.     1.634819E-8
            4481.     1.689647E-8
            4482.     1.744497E-8
            4483.     1.799369E-8
            4484.     1.854262E-8
            4485.     1.909177E-8
            4486.     1.964114E-8
            4487.     2.019099E-8
            4488.     2.074052E-8
            4489.     2.129053E-8
            4490.     2.184076E-8
            4491.     2.239121E-8
            4492.     2.294186E-8
            4493.     2.349246E-8
            4494.     2.404382E-8
            4495.     2.459512E-8
            4496.     2.514665E-8
            4497.     2.569811E-8
            4498.     2.625033E-8
            4499.     2.680249E-8
            4500.     2.735488E-8
            4501.     2.792992E-8
            4502.     2.850607E-8
            4503.     2.908332E-8
            4504.     2.966165E-8
            4505.     3.024109E-8
            4506.     3.082164E-8
            4507.     3.140327E-8
            4508.     3.198601E-8
            4509.     3.256984E-8
            4510.     3.315506E-8
            4511.     3.374071E-8
            4512.     3.432773E-8
            4513.     3.491586E-8
            4514.     3.550507E-8
            4515.     3.609538E-8
            4516.     3.668651E-8
            4517.     3.727930E-8
            4518.     3.787291E-8
            4519.     3.846761E-8
            4520.     3.906340E-8
            4521.     3.966040E-8
            4522.     4.025850E-8
            4523.     4.085769E-8
            4524.     4.145798E-8
            4525.     4.205937E-8
            4526.     4.266186E-8
            4527.     4.326545E-8
            4528.     4.387016E-8
            4529.     4.447595E-8
            4530.     4.508285E-8
            4531.     4.569071E-8
            4532.     4.629996E-8
            4533.     4.690971E-8
            4534.     4.752087E-8
            4535.     4.813312E-8
            4536.     4.874646E-8
            4537.     4.936090E-8
            4538.     4.997615E-8
            4539.     5.059308E-8
            4540.     5.121082E-8
            4541.     5.182964E-8
            4542.     5.244926E-8
            4543.     5.307059E-8
            4544.     5.369269E-8
            4545.     5.431590E-8
            4546.     5.494023E-8
            4547.     5.556564E-8
            4548.     5.619216E-8
            4549.     5.681975E-8
            4550.     5.744846E-8
            4551.     6.088595E-8
            4552.     6.432989E-8
            4553.     6.778032E-8
            4554.     7.123719E-8
            4555.     7.470225E-8
            4556.     7.817037E-8
            4557.     8.164667E-8
            4558.     8.513111E-8
            4559.     8.861867E-8
            4560.     9.211437E-8
            4561.     9.561455E-8
            4562.     9.912461E-8
            4563.     1.026394E-7
            4564.     1.061589E-7
            4565.     1.096884E-7
            4566.     1.132225E-7
            4567.     1.167631E-7
            4568.     1.203101E-7
            4569.     1.238637E-7
            4570.     1.274236E-7
            4571.     1.309901E-7
            4572.     1.345629E-7
            4573.     1.381422E-7
            4574.     1.417279E-7
            4575.     1.453202E-7
            4576.     1.489189E-7
            4577.     1.525257E-7
            4578.     1.561356E-7
            4579.     1.597536E-7
            4580.     1.633782E-7
            4581.     1.670091E-7
            4582.     1.706465E-7
            4583.     1.742904E-7
            4584.     1.779407E-7
            4585.     1.815976E-7
            4586.     1.852608E-7
            4587.     1.889288E-7
            4588.     1.926068E-7
            4589.     1.962894E-7
            4590.     1.999786E-7
            4591.     2.036741E-7
            4592.     2.073761E-7
            4593.     2.110846E-7
            4594.     2.147996E-7
            4595.     2.185210E-7
            4596.     2.222489E-7
            4597.     2.259832E-7
            4598.     2.297241E-7
            4599.     2.334713E-7
            4600.     2.372251E-7
            4601.     2.409853E-7
            4602.     2.447520E-7
            4603.     2.485270E-7
            4604.     2.523066E-7
            4605.     2.560909E-7
            4606.     2.598815E-7
            4607.     2.636824E-7
            4608.     2.674880E-7
            4609.     2.712981E-7
            4610.     2.751184E-7
            4611.     2.789432E-7
            4612.     2.827746E-7
            4613.     2.866125E-7
            4614.     2.904568E-7
            4615.     2.943076E-7
            4616.     2.981650E-7
            4617.     3.020287E-7
            4618.     3.058989E-7
            4619.     3.097756E-7
            4620.     3.136589E-7
            4621.     3.175475E-7
            4622.     3.214445E-7
            4623.     3.253442E-7
            4624.     3.292523E-7
            4625.     3.331667E-7
            4626.     3.370895E-7
            4627.     3.410150E-7
            4628.     3.449489E-7
            4629.     3.488892E-7
            4630.     3.528360E-7
            4631.     3.567903E-7
            4632.     3.607490E-7
            4633.     3.647183E-7
            4634.     3.686920E-7
            4635.     3.726722E-7
            4636.     3.766590E-7
            4637.     3.806521E-7
            4638.     3.846518E-7
            4639.     3.886580E-7
            4640.     3.926706E-7
            4641.     3.966897E-7
            4642.     4.007153E-7
            4643.     4.047473E-7
            4644.     4.087859E-7
            4645.     4.128309E-7
            4646.     4.168825E-7
            4647.     4.209405E-7
            4648.     4.250070E-7
            4649.     4.290781E-7
            4650.     4.331535E-7
            4651.     4.372374E-7
            4652.     4.413278E-7
            4653.     5.395205E-6
            4654.     1.035529E-5
            4655.     1.545529E-5
            4656.     2.056172E-5
            4657.     3.172424E-5
            4658.     4.290614E-5
            4659.     6.241696E-5
            4660.     8.196158E-5
            4661.     1.207928E-4
            4662.     1.596910E-4
            4663.     2.364649E-4
            4664.     3.133710E-4
            4665.     4.478259E-4
            4666.     5.825118E-4
            4667.     8.182166E-4
            4668.     0.001054325
            4669.     0.001483483
            4670.     0.001913376
            4671.     0.002668355
            4672.     0.003423891
            4673.     0.004767656
            4674.     0.006113721
            4675.     0.008427488
            4676.      0.01074407
            4677.      0.01423463
            4678.      0.01773342
            4679.      0.02191178
            4680.      0.02609724
            4681.      0.02922775
            4682.      0.03236357
            4683.      0.03394644
            4684.      0.03553196
            4685.      0.03597694
            4686.      0.03642264
            4687.      0.03649902
            4688.      0.03657549
            4689.      0.03651536
            4690.      0.03645508
            4691.      0.03639844
            4692.      0.03634166
            4693.      0.03641832
            4694.      0.03649497
            4695.      0.03671401
            4696.      0.03693338
            4697.      0.03710792
            4698.      0.03728255
            4699.      0.03723602
            4700.      0.03718933
            4701.      0.03674291
            4702.       0.0362957
            4703.      0.03558498
            4704.      0.03487231
            4705.      0.03389755
            4706.       0.0329211
            4707.       0.0314045
            4708.      0.02988532
            4709.      0.02689532
            4710.      0.02390031
            4711.      0.01962607
            4712.      0.01534471
            4713.      0.01149781
            4714.     0.007644526
            4715.     0.005515022
            4716.     0.003381522
            4717.     0.002426262
            4718.     0.001468953
            4719.     0.001074286
            4720.     6.793530E-4
            4721.     5.094504E-4
            4722.     3.391003E-4
            4723.     2.579662E-4
            4724.     1.766980E-4
            4725.     1.379473E-4
            4726.     9.913259E-5
            4727.     7.661045E-5
            4728.     5.405120E-5
            4729.     4.211918E-5
            4730.     3.016752E-5
            4731.     2.419416E-5
            4732.     1.821101E-5
            4733.     1.032799E-5
            4734.     2.432094E-6
            4735.     1.284650E-6
            4736.     1.353363E-7
            4737.     1.342582E-7
            4738.     1.331776E-7
            4739.     1.320961E-7
            4740.     1.310122E-7
            4741.     1.299268E-7
            4742.     1.288389E-7
            4743.     1.277501E-7
            4744.     1.266588E-7
            4745.     1.255656E-7
            4746.     1.244705E-7
            4747.     1.233735E-7
            4748.     1.222751E-7
            4749.     1.211736E-7
            4750.     1.200708E-7
            4751.     1.189656E-7
            4752.     1.178585E-7
            4753.     1.167495E-7
            4754.     1.156386E-7
            4755.     1.145257E-7
            4756.     1.134109E-7
            4757.     1.122942E-7
            4758.     1.111756E-7
            4759.     1.100550E-7
            4760.     1.089325E-7
            4761.     1.078079E-7
            4762.     1.066824E-7
            4763.     1.055544E-7
            4764.     1.044239E-7
            4765.     1.032921E-7
            4766.     1.021589E-7
            4767.     1.010232E-7
            4768.     9.988555E-8
            4769.     9.874596E-8
            4770.     9.760499E-8
            4771.     9.646155E-8
            4772.     9.531561E-8
            4773.     9.416829E-8
            4774.     9.301904E-8
            4775.     9.186785E-8
            4776.     9.071474E-8
            4777.     8.955967E-8
            4778.     8.840266E-8
            4779.     8.724373E-8
            4780.     8.608286E-8
            4781.     8.491980E-8
            4782.     8.375478E-8
            4783.     8.258728E-8
            4784.     8.141899E-8
            4785.     8.024819E-8
            4786.     7.907548E-8
            4787.     7.790023E-8
            4788.     7.672423E-8
            4789.     7.554571E-8
            4790.     7.436527E-8
            4791.     7.318311E-8
            4792.     7.199900E-8
            4793.     7.081353E-8
            4794.     6.962497E-8
            4795.     6.843506E-8
            4796.     6.724320E-8
            4797.     6.604999E-8
            4798.     6.485367E-8
            4799.     6.365598E-8
            4800.     6.245639E-8
            4801.     6.125482E-8
            4802.     6.005133E-8
            4803.     5.884590E-8
            4804.     5.763850E-8
            4805.     5.642920E-8
            4806.     5.521794E-8
            4807.     5.400473E-8
            4808.     5.278960E-8
            4809.     5.157194E-8
            4810.     5.035291E-8
            4811.     4.913240E-8
            4812.     4.790936E-8
            4813.     4.668440E-8
            4814.     4.545748E-8
            4815.     4.422924E-8
            4816.     4.299847E-8
            4817.     4.176516E-8
            4818.     4.053052E-8
            4819.     3.929395E-8
            4820.     3.805544E-8
            4821.     3.681510E-8
            4822.     3.557282E-8
            4823.     3.432860E-8
            4824.     3.308244E-8
            4825.     3.183433E-8
            4826.     3.058428E-8
            4827.     2.933229E-8
            4828.     2.807774E-8
            4829.     2.682248E-8
            4830.     2.556466E-8
            4831.     2.430489E-8
            4832.     2.304257E-8
            4833.     2.177953E-8
            4834.     2.051393E-8
            4835.     1.924640E-8
            4836.     1.797691E-8
            4837.     1.670548E-8
            4838.     1.543274E-8
            4839.     1.415680E-8
            4840.     1.287955E-8
            4841.     1.160034E-8
            4842.     1.031982E-8
            4843.     9.036104E-9
            4844.     7.751068E-9
            4845.     6.464088E-9
            4846.     5.175161E-9
            4847.     3.884289E-9
            4848.     2.591472E-9
            4849.     1.296709E-9
            4850.              0.
            5651.     1.241519E-9
            5652.     2.483720E-9
            5653.     3.726603E-9
            5654.     4.970174E-9
            5655.     6.214418E-9
            5656.     7.459346E-9
            5657.     8.704952E-9
            5658.     9.951242E-9
            5659.     1.119821E-8
            5660.     1.244648E-8
            5661.     1.369481E-8
            5662.     1.494320E-8
            5663.     1.619290E-8
            5664.     1.744326E-8
            5665.     1.869431E-8
            5666.     1.994544E-8
            5667.     2.119845E-8
            5668.     2.245154E-8
            5669.     2.370531E-8
            5670.     2.495976E-8
            5671.     2.621480E-8
            5672.     2.747052E-8
            5673.     2.872690E-8
            5674.     2.998395E-8
            5675.     3.124168E-8
            5676.     3.250007E-8
            5677.     3.375914E-8
            5678.     3.501887E-8
            5679.     3.627990E-8
            5680.     3.754036E-8
            5681.     3.880210E-8
            5682.     4.006452E-8
            5683.     4.132822E-8
            5684.     4.259136E-8
            5685.     4.385580E-8
            5686.     4.512089E-8
            5687.     4.638665E-8
            5688.     4.765310E-8
            5689.     4.891956E-8
            5690.     5.018796E-8
            5691.     5.145639E-8
            5692.     5.272548E-8
            5693.     5.399524E-8
            5694.     5.526567E-8
            5695.     5.653676E-8
            5696.     5.780853E-8
            5697.     5.908096E-8
            5698.     6.035406E-8
            5699.     6.162782E-8
            5700.     6.290226E-8
            5701.     6.417734E-8
            5702.     6.545313E-8
            5703.     6.672956E-8
            5704.     6.800664E-8
            5705.     6.928504E-8
            5706.     7.056286E-8
            5707.     7.184195E-8
            5708.     7.312171E-8
            5709.     7.440214E-8
            5710.     7.568323E-8
            5711.     7.696435E-8
            5712.     7.824741E-8
            5713.     7.953049E-8
            5714.     8.081422E-8
            5715.     8.209801E-8
            5716.     8.338372E-8
            5717.     8.466945E-8
            5718.     8.595585E-8
            5719.     8.724293E-8
            5720.     8.853066E-8
            5721.     8.981903E-8
            5722.     9.110806E-8
            5723.     9.239777E-8
            5724.     9.368812E-8
            5725.     9.497916E-8
            5726.     9.627085E-8
            5727.     9.756318E-8
            5728.     9.885682E-8
            5729.     1.001499E-7
            5730.     1.014442E-7
            5731.     1.027398E-7
            5732.     1.040349E-7
            5733.     1.053312E-7
            5734.     1.066275E-7
            5735.     1.079258E-7
            5736.     1.092241E-7
            5737.     1.105231E-7
            5738.     1.118221E-7
            5739.     1.131230E-7
            5740.     1.144239E-7
            5741.     1.157252E-7
            5742.     1.170271E-7
            5743.     1.183297E-7
            5744.     1.196328E-7
            5745.     1.209367E-7
            5746.     1.222412E-7
            5747.     1.235464E-7
            5748.     1.248522E-7
            5749.     1.261586E-7
            5750.     1.274651E-7
            5751.     1.262239E-7
            5752.     1.249814E-7
            5753.     1.237381E-7
            5754.     1.224943E-7
            5755.     1.212492E-7
            5756.     1.200046E-7
            5757.     1.187587E-7
            5758.     1.175122E-7
            5759.     1.162650E-7
            5760.     1.150178E-7
            5761.     1.137686E-7
            5762.     1.125194E-7
            5763.     1.112696E-7
            5764.     1.100191E-7
            5765.     1.087679E-7
            5766.     1.075160E-7
            5767.     1.062635E-7
            5768.     1.050103E-7
            5769.     1.037565E-7
            5770.     1.025020E-7
            5771.     1.012465E-7
            5772.     9.999033E-8
            5773.     9.873290E-8
            5774.     9.747605E-8
            5775.     9.621794E-8
            5776.     9.495853E-8
            5777.     9.369910E-8
            5778.     9.243964E-8
            5779.     9.117949E-8
            5780.     8.991749E-8
            5781.     8.865567E-8
            5782.     8.739322E-8
            5783.     8.613070E-8
            5784.     8.486631E-8
            5785.     8.360185E-8
            5786.     8.233675E-8
            5787.     8.107097E-8
            5788.     7.980454E-8
            5789.     7.853743E-8
            5790.     7.726969E-8
            5791.     7.600103E-8
            5792.     7.473172E-8
            5793.     7.346176E-8
            5794.     7.219115E-8
            5795.     7.091928E-8
            5796.     6.964798E-8
            5797.     6.837541E-8
            5798.     6.710219E-8
            5799.     6.582771E-8
            5800.     6.455380E-8
            5801.     6.327882E-8
            5802.     6.200315E-8
            5803.     6.072684E-8
            5804.     5.944989E-8
            5805.     5.817289E-8
            5806.     5.689397E-8
            5807.     5.561504E-8
            5808.     5.433544E-8
            5809.     5.305581E-8
            5810.     5.177428E-8
            5811.     5.049254E-8
            5812.     4.921015E-8
            5813.     4.792712E-8
            5814.     4.664343E-8
            5815.     4.535910E-8
            5816.     4.407412E-8
            5817.     4.278849E-8
            5818.     4.150221E-8
            5819.     4.021529E-8
            5820.     3.892772E-8
            5821.     3.763960E-8
            5822.     3.635021E-8
            5823.     3.506142E-8
            5824.     3.377135E-8
            5825.     3.248062E-8
            5826.     3.118923E-8
            5827.     2.989782E-8
            5828.     2.860514E-8
            5829.     2.731116E-8
            5830.     2.601715E-8
            5831.     2.472242E-8
            5832.     2.342704E-8
            5833.     2.213102E-8
            5834.     2.083435E-8
            5835.     1.953703E-8
            5836.     1.823908E-8
            5837.     1.694047E-8
            5838.     1.564122E-8
            5839.     1.434132E-8
            5840.     1.304079E-8
            5841.     1.173964E-8
            5842.     1.043784E-8
            5843.     9.135390E-9
            5844.     7.831653E-9
            5845.     6.528536E-9
            5846.     5.224129E-9
            5847.     3.919074E-9
            5848.     2.613366E-9
            5849.     1.307008E-9
            5850.    6.383466E-13
            5851.              0.
            6151.     1.362859E-9
            6152.     2.725809E-9
            6153.     4.088851E-9
            6154.     5.451994E-9
            6155.     6.815219E-9
            6156.     8.178537E-9
            6157.     9.541944E-9
            6158.     1.090545E-8
            6159.     1.226904E-8
            6160.     1.363273E-8
            6161.     1.499650E-8
            6162.     1.636037E-8
            6163.     1.772432E-8
            6164.     1.908837E-8
            6165.     2.045251E-8
            6166.     2.181740E-8
            6167.     2.318172E-8
            6168.     2.454547E-8
            6169.     2.590997E-8
            6170.     2.727457E-8
            6171.     2.863925E-8
            6172.     3.000335E-8
            6173.     3.136888E-8
            6174.     3.273383E-8
            6175.     3.409887E-8
            6176.     3.546401E-8
            6177.     3.682922E-8
            6178.     3.819453E-8
            6179.     3.955994E-8
            6180.     4.092542E-8
            6181.     4.229098E-8
            6182.     4.365665E-8
            6183.     4.502239E-8
            6184.     4.638823E-8
            6185.     4.775483E-8
            6186.     4.912017E-8
            6187.     5.048627E-8
            6188.     5.185247E-8
            6189.     5.321941E-8
            6190.     5.458511E-8
            6191.     5.595156E-8
            6192.     5.731876E-8
            6193.     5.868473E-8
            6194.     6.005145E-8
            6195.     6.141757E-8
            6196.     6.278514E-8
            6197.     6.415212E-8
            6198.     6.551920E-8
            6199.     6.688567E-8
            6200.     6.825358E-8
            6201.     6.962090E-8
            6202.     7.098831E-8
            6203.     7.235582E-8
            6204.     7.372340E-8
            6205.     7.509107E-8
            6206.     7.645885E-8
            6207.     7.782669E-8
            6208.     7.919463E-8
            6209.     8.056265E-8
            6210.     8.193076E-8
            6211.     8.329937E-8
            6212.     8.466672E-8
            6213.     8.603480E-8
            6214.     8.740296E-8
            6215.     8.877187E-8
            6216.     9.013954E-8
            6217.     9.150727E-8
            6218.     9.287642E-8
            6219.     9.424497E-8
            6220.     9.561361E-8
            6221.     9.698194E-8
            6222.     9.835170E-8
            6223.     9.972086E-8
            6224.     1.010901E-7
            6225.     1.024595E-7
            6226.     1.038289E-7
            6227.     1.051984E-7
            6228.     1.065680E-7
            6229.     1.079377E-7
            6230.     1.093075E-7
            6231.     1.106770E-7
            6232.     1.120465E-7
            6233.     1.134162E-7
            6234.     1.147866E-7
            6235.     1.161557E-7
            6236.     1.175256E-7
            6237.     1.188962E-7
            6238.     1.202656E-7
            6239.     1.216357E-7
            6240.     1.230052E-7
            6241.     1.243765E-7
            6242.     1.257472E-7
            6243.     1.271180E-7
            6244.     1.284882E-7
            6245.     1.298599E-7
            6246.     1.312309E-7
            6247.     1.326021E-7
            6248.     1.339733E-7
            6249.     1.353446E-7
            6250.     1.367160E-7
            6251.     1.353526E-7
            6252.     1.339892E-7
            6253.     1.326250E-7
            6254.     1.312614E-7
            6255.     1.298985E-7
            6256.     1.285347E-7
            6257.     1.271709E-7
            6258.     1.258070E-7
            6259.     1.244430E-7
            6260.     1.230783E-7
            6261.     1.217144E-7
            6262.     1.203498E-7
            6263.     1.189852E-7
            6264.     1.176211E-7
            6265.     1.162563E-7
            6266.     1.148914E-7
            6267.     1.135258E-7
            6268.     1.121608E-7
            6269.     1.107957E-7
            6270.     1.094306E-7
            6271.     1.080657E-7
            6272.     1.067000E-7
            6273.     1.053363E-7
            6274.     1.039705E-7
            6275.     1.026052E-7
            6276.     1.012400E-7
            6277.     9.987459E-8
            6278.     9.850915E-8
            6279.     9.714297E-8
            6280.     9.577737E-8
            6281.     9.441142E-8
            6282.     9.304607E-8
            6283.     9.167999E-8
            6284.     9.031383E-8
            6285.     8.894828E-8
            6286.     8.758135E-8
            6287.     8.621498E-8
            6288.     8.484857E-8
            6289.     8.348208E-8
            6290.     8.211553E-8
            6291.     8.074955E-8
            6292.     7.938282E-8
            6293.     7.801538E-8
            6294.     7.664853E-8
            6295.     7.528163E-8
            6296.     7.391466E-8
            6297.     7.254759E-8
            6298.     7.117982E-8
            6299.     6.981265E-8
            6300.     6.844606E-8
            6301.     6.707874E-8
            6302.     6.571135E-8
            6303.     6.434389E-8
            6304.     6.297638E-8
            6305.     6.160813E-8
            6306.     6.024047E-8
            6307.     5.887342E-8
            6308.     5.750565E-8
            6309.     5.613846E-8
            6310.     5.477056E-8
            6311.     5.340241E-8
            6312.     5.203355E-8
            6313.     5.066529E-8
            6314.     4.929698E-8
            6315.     4.792861E-8
            6316.     4.656019E-8
            6317.     4.519104E-8
            6318.     4.382384E-8
            6319.     4.245457E-8
            6320.     4.108592E-8
            6321.     3.971719E-8
            6322.     3.834842E-8
            6323.     3.697959E-8
            6324.     3.561003E-8
            6325.     3.424109E-8
            6326.     3.287209E-8
            6327.     3.150371E-8
            6328.     3.013460E-8
            6329.     2.876542E-8
            6330.     2.739620E-8
            6331.     2.602692E-8
            6332.     2.465758E-8
            6333.     2.328818E-8
            6334.     2.191874E-8
            6335.     2.054923E-8
            6336.     1.918033E-8
            6337.     1.781072E-8
            6338.     1.644038E-8
            6339.     1.507065E-8
            6340.     1.370087E-8
            6341.     1.233099E-8
            6342.     1.096106E-8
            6343.     9.590425E-9
            6344.     8.220408E-9
            6345.     6.851013E-9
            6346.     5.480903E-9
            6347.     4.110747E-9
            6348.     2.740544E-9
            6349.     1.370295E-9
            6350.              0.
            7951.    7.398541E-10
            7952.     1.478937E-9
            7953.     2.217250E-9
            7954.     2.954798E-9
            7955.     3.691931E-9
            7956.     4.427933E-9
            7957.     5.162808E-9
            7958.     5.897273E-9
            7959.     6.630969E-9
            7960.     7.363901E-9
            7961.     8.096066E-9
            7962.     8.827820E-9
            7963.     9.558094E-9
            7964.     1.028796E-8
            7965.     1.101705E-8
            7966.     1.174504E-8
            7967.     1.247260E-8
            7968.     1.319940E-8
            7969.     1.392579E-8
            7970.     1.465106E-8
            7971.     1.537558E-8
            7972.     1.609933E-8
            7973.     1.682232E-8
            7974.     1.754490E-8
            7975.     1.826565E-8
            7976.     1.898671E-8
            7977.     1.970664E-8
            7978.     2.042582E-8
            7979.     2.114423E-8
            7980.     2.186188E-8
            7981.     2.257915E-8
            7982.     2.329529E-8
            7983.     2.401069E-8
            7984.     2.472497E-8
            7985.     2.543885E-8
            7986.     2.615197E-8
            7987.     2.686398E-8
            7988.     2.757593E-8
            7989.     2.828676E-8
            7990.     2.899685E-8
            7991.     2.970620E-8
            7992.     3.041479E-8
            7993.     3.112228E-8
            7994.     3.182935E-8
            7995.     3.253603E-8
            7996.     3.324159E-8
            7997.     3.394640E-8
            7998.     3.465046E-8
            7999.     3.535376E-8
            8000.     3.605665E-8
            8001.     3.674993E-8
            8002.     3.744318E-8
            8003.     3.813504E-8
            8004.     3.882583E-8
            8005.     3.951558E-8
            8006.     4.020427E-8
            8007.     4.089223E-8
            8008.     4.157881E-8
            8009.     4.226400E-8
            8010.     4.294847E-8
            8011.     4.363157E-8
            8012.     4.431394E-8
            8013.     4.499527E-8
            8014.     4.567588E-8
            8015.     4.635510E-8
            8016.     4.703328E-8
            8017.     4.771040E-8
            8018.     4.838648E-8
            8019.     4.906118E-8
            8020.     4.973516E-8
            8021.     5.040842E-8
            8022.     5.108033E-8
            8023.     5.175118E-8
            8024.     5.242099E-8
            8025.     5.308976E-8
            8026.     5.375779E-8
            8027.     5.442447E-8
            8028.     5.508977E-8
            8029.     5.575434E-8
            8030.     5.641789E-8
            8031.     5.708040E-8
            8032.     5.774187E-8
            8033.     5.840230E-8
            8034.     5.906169E-8
            8035.     5.972004E-8
            8036.     6.037735E-8
            8037.     6.103329E-8
            8038.     6.168852E-8
            8039.     6.234270E-8
            8040.     6.299616E-8
            8041.     6.364830E-8
            8042.     6.429940E-8
            8043.     6.494946E-8
            8044.     6.559848E-8
            8045.     6.624678E-8
            8046.     6.689309E-8
            8047.     6.753934E-8
            8048.     6.818421E-8
            8049.     6.882807E-8
            8050.     6.947088E-8
            8051.     7.011268E-8
            8052.     7.075376E-8
            8053.     7.139349E-8
            8054.     7.203221E-8
            8055.     7.266957E-8
            8056.     7.330623E-8
            8057.     7.394152E-8
            8058.     7.457611E-8
            8059.     7.520997E-8
            8060.     7.584251E-8
            8061.     7.647402E-8
            8062.     7.710452E-8
            8063.     7.773399E-8
            8064.     7.836213E-8
            8065.     7.898957E-8
            8066.     7.961628E-8
            8067.     8.024164E-8
            8068.     8.086597E-8
            8069.     8.148929E-8
            8070.     8.211158E-8
            8071.     8.273319E-8
            8072.     8.335348E-8
            8073.     8.397241E-8
            8074.     8.459065E-8
            8075.     8.520787E-8
            8076.     8.582408E-8
            8077.     8.643924E-8
            8078.     8.705338E-8
            8079.     8.766651E-8
            8080.     8.827863E-8
            8081.     8.888976E-8
            8082.     8.949957E-8
            8083.     9.010866E-8
            8084.     9.071676E-8
            8085.     9.132410E-8
            8086.     9.193015E-8
            8087.     9.253518E-8
            8088.     9.313920E-8
            8089.     9.374219E-8
            8090.     9.434446E-8
            8091.     9.494490E-8
            8092.     9.554518E-8
            8093.     9.614415E-8
            8094.     9.674212E-8
            8095.     9.733908E-8
            8096.     9.793503E-8
            8097.     9.853024E-8
            8098.     9.912416E-8
            8099.     9.971708E-8
            8100.     1.003087E-7
            8101.     1.008996E-7
            8102.     1.014896E-7
            8103.     1.020782E-7
            8104.     1.026664E-7
            8105.     1.032533E-7
            8106.     1.038392E-7
            8107.     1.044241E-7
            8108.     1.050080E-7
            8109.     1.055906E-7
            8110.     1.061725E-7
            8111.     1.067537E-7
            8112.     1.073336E-7
            8113.     1.079125E-7
            8114.     1.084904E-7
            8115.     1.090674E-7
            8116.     1.096435E-7
            8117.     1.102184E-7
            8118.     1.107921E-7
            8119.     1.113650E-7
            8120.     1.119369E-7
            8121.     1.125078E-7
            8122.     1.130778E-7
            8123.     1.136471E-7
            8124.     1.142147E-7
            8125.     1.147817E-7
            8126.     1.153477E-7
            8127.     1.159123E-7
            8128.     1.164763E-7
            8129.     1.170393E-7
            8130.     1.176016E-7
            8131.     1.181626E-7
            8132.     1.187226E-7
            8133.     1.192817E-7
            8134.     1.198398E-7
            8135.     1.203971E-7
            8136.     1.209526E-7
            8137.     1.215080E-7
            8138.     1.220621E-7
            8139.     1.226151E-7
            8140.     1.231673E-7
            8141.     1.237184E-7
            8142.     1.242689E-7
            8143.     1.248181E-7
            8144.     1.253663E-7
            8145.     1.259133E-7
            8146.     1.264595E-7
            8147.     1.270048E-7
            8148.     1.275488E-7
            8149.     1.280923E-7
            8150.     1.286346E-7
            8151.     1.278907E-7
            8152.     1.271477E-7
            8153.     1.264058E-7
            8154.     1.256653E-7
            8155.     1.249255E-7
            8156.     1.241864E-7
            8157.     1.234486E-7
            8158.     1.227120E-7
            8159.     1.219763E-7
            8160.     1.212417E-7
            8161.     1.205078E-7
            8162.     1.197753E-7
            8163.     1.190442E-7
            8164.     1.183138E-7
            8165.     1.175844E-7
            8166.     1.168561E-7
            8167.     1.161288E-7
            8168.     1.154022E-7
            8169.     1.146769E-7
            8170.     1.139531E-7
            8171.     1.132300E-7
            8172.     1.125082E-7
            8173.     1.117872E-7
            8174.     1.110671E-7
            8175.     1.103478E-7
            8176.     1.096298E-7
            8177.     1.089129E-7
            8178.     1.081970E-7
            8179.     1.074821E-7
            8180.     1.067679E-7
            8181.     1.060558E-7
            8182.     1.053437E-7
            8183.     1.046330E-7
            8184.     1.039233E-7
            8185.     1.032146E-7
            8186.     1.025070E-7
            8187.     1.018000E-7
            8188.     1.010944E-7
            8189.     1.003898E-7
            8190.     9.968664E-8
            8191.     9.898413E-8
            8192.     9.828270E-8
            8193.     9.758223E-8
            8194.     9.688282E-8
            8195.     9.618443E-8
            8196.     9.548705E-8
            8197.     9.479068E-8
            8198.     9.409534E-8
            8199.     9.340101E-8
            8200.     9.270773E-8
            8201.     9.201548E-8
            8202.     9.132426E-8
            8203.     9.063404E-8
            8204.     8.994485E-8
            8205.     8.925667E-8
            8206.     8.856951E-8
         8206.999     8.788403E-8
            8208.     8.719825E-8
            8209.     8.651411E-8
            8210.     8.583102E-8
            8211.     8.514896E-8
            8212.     8.446793E-8
            8213.     8.378790E-8
            8214.     8.310888E-8
            8215.     8.243087E-8
            8216.     8.175389E-8
            8217.     8.107790E-8
            8218.     8.040293E-8
            8219.     7.972896E-8
            8220.     7.905600E-8
            8221.     7.838409E-8
            8222.     7.771317E-8
            8223.     7.704329E-8
            8224.     7.637439E-8
            8225.     7.570650E-8
            8226.     7.503962E-8
            8227.     7.437374E-8
            8228.     7.370888E-8
            8229.     7.304500E-8
            8230.     7.238214E-8
            8231.     7.172032E-8
            8232.     7.105950E-8
            8233.     7.039967E-8
            8234.     6.974086E-8
            8235.     6.908305E-8
            8236.     6.842623E-8
            8237.     6.777042E-8
            8238.     6.711560E-8
            8239.     6.646179E-8
            8240.     6.580898E-8
            8241.     6.515717E-8
            8242.     6.450639E-8
            8243.     6.385658E-8
            8244.     6.320779E-8
            8245.     6.255998E-8
            8246.     6.191318E-8
            8247.     6.126736E-8
            8248.     6.062255E-8
            8249.     5.997873E-8
            8250.     5.933590E-8
            8251.     5.928697E-8
            8252.     5.923804E-8
            8253.     5.918913E-8
            8254.     5.914023E-8
            8255.     5.909135E-8
            8256.     5.904250E-8
            8257.     5.899365E-8
            8258.     5.894481E-8
            8259.     5.889598E-8
            8260.     5.884718E-8
            8261.     5.879840E-8
            8262.     5.874966E-8
            8263.     5.870093E-8
            8264.     5.865220E-8
            8265.     5.860349E-8
            8266.     5.855481E-8
            8267.     5.850611E-8
            8268.     5.845745E-8
            8269.     5.840880E-8
            8270.     5.836016E-8
            8271.     5.831157E-8
            8272.     5.826300E-8
            8273.     5.821443E-8
            8274.     5.816587E-8
            8275.     5.811734E-8
            8276.     5.806882E-8
            8277.     5.802031E-8
            8278.     5.797181E-8
            8279.     5.792333E-8
            8280.     5.787488E-8
            8281.     5.782645E-8
            8282.     5.777805E-8
            8283.     5.772965E-8
            8284.     5.768127E-8
            8285.     5.763290E-8
            8286.     5.758456E-8
            8287.     5.753622E-8
            8288.     5.748789E-8
            8289.     5.743959E-8
            8290.     5.739129E-8
            8291.     5.734304E-8
            8292.     5.729479E-8
            8293.     5.724656E-8
            8294.     5.719835E-8
            8295.     5.715016E-8
         8296.001     5.710192E-8
            8297.     5.705380E-8
            8298.     5.700566E-8
            8299.     5.695751E-8
            8300.     5.690938E-8
            8301.     5.686130E-8
            8302.     5.681323E-8
            8303.     5.676517E-8
            8304.     5.671714E-8
            8305.     5.666912E-8
            8306.     5.662111E-8
            8307.     5.657311E-8
            8308.     5.652514E-8
            8309.     5.647716E-8
            8310.     5.642922E-8
            8311.     5.638130E-8
            8312.     5.633340E-8
            8313.     5.628552E-8
            8314.     5.623765E-8
            8315.     5.618978E-8
            8316.     5.614194E-8
            8317.     5.609411E-8
            8318.     5.604631E-8
            8319.     5.599850E-8
            8320.     5.595072E-8
            8321.     5.590298E-8
            8322.     5.585525E-8
            8323.     5.580753E-8
            8324.     5.575983E-8
            8325.     5.571214E-8
            8326.     5.566448E-8
            8327.     5.561682E-8
            8328.     5.556917E-8
            8329.     5.552154E-8
            8330.     5.547393E-8
            8331.     5.542636E-8
            8332.     5.537880E-8
            8333.     5.533126E-8
            8334.     5.528373E-8
            8335.     5.523622E-8
            8336.     5.518872E-8
            8337.     5.514124E-8
            8338.     5.509376E-8
            8339.     5.504631E-8
            8340.     5.499886E-8
         8341.001     5.495142E-8
            8342.     5.490407E-8
            8343.     5.485670E-8
            8344.     5.480933E-8
            8345.     5.476200E-8
            8346.     5.471467E-8
            8347.     5.466735E-8
            8348.     5.462005E-8
            8349.     5.457275E-8
            8350.     5.452548E-8
            8351.     5.396094E-8
         8351.999     5.339733E-8
            8353.     5.283297E-8
            8354.     5.226954E-8
            8355.     5.170649E-8
            8356.     5.114381E-8
            8357.     5.058151E-8
            8358.     5.001959E-8
         8359.001     4.945749E-8
            8360.     4.889687E-8
            8361.     4.833608E-8
            8362.     4.777566E-8
            8363.     4.721563E-8
            8364.     4.665597E-8
         8365.001     4.609615E-8
            8366.     4.553781E-8
            8367.     4.497929E-8
            8368.     4.442116E-8
         8368.999     4.386395E-8
            8370.     4.330604E-8
         8370.999     4.274959E-8
            8372.     4.219245E-8
            8373.     4.163623E-8
            8374.     4.108039E-8
            8375.     4.052495E-8
            8376.     3.996988E-8
            8377.     3.941521E-8
            8378.     3.886091E-8
            8379.     3.830699E-8
            8380.     3.775348E-8
            8381.     3.720035E-8
            8382.     3.664761E-8
            8383.     3.609527E-8
         8384.001     3.554277E-8
            8385.     3.499173E-8
         8386.001     3.444001E-8
            8387.     3.388976E-8
            8388.     3.333936E-8
            8389.     3.278935E-8
         8389.999     3.224027E-8
            8391.     3.169051E-8
            8392.     3.114168E-8
            8393.     3.059325E-8
            8394.     3.004521E-8
            8395.     2.949756E-8
         8395.999     2.895084E-8
            8397.     2.840346E-8
            8398.     2.785700E-8
            8399.     2.731093E-8
            8400.     2.676528E-8
            8401.     2.622001E-8
            8402.     2.567514E-8
         8403.001     2.513014E-8
            8404.     2.458660E-8
            8405.     2.404294E-8
            8406.     2.349967E-8
            8407.     2.295680E-8
            8408.     2.241433E-8
            8409.     2.187227E-8
            8410.     2.133061E-8
         8411.001     2.078882E-8
            8412.     2.024849E-8
            8413.     1.970804E-8
            8414.     1.916800E-8
         8414.999     1.862888E-8
            8416.     1.808912E-8
            8417.     1.755029E-8
            8418.     1.701186E-8
            8419.     1.647385E-8
            8420.     1.593624E-8
            8421.     1.539904E-8
            8422.     1.486225E-8
         8422.999     1.432639E-8
            8424.     1.378989E-8
            8425.     1.325433E-8
            8426.     1.271917E-8
            8427.     1.218443E-8
            8428.     1.165010E-8
            8429.     1.111618E-8
         8430.001     1.058215E-8
            8431.     1.004958E-8
            8432.     9.516905E-9
            8433.     8.984641E-9
            8434.     8.452791E-9
            8435.     7.921358E-9
            8436.     7.390336E-9
            8437.     6.859735E-9
            8438.     6.329548E-9
            8439.     5.799780E-9
         8439.999     5.270945E-9
            8441.     4.741494E-9
         8441.999     4.213496E-9
            8443.     3.684885E-9
            8444.     3.157209E-9
            8445.     2.629954E-9
            8446.     2.103120E-9
            8447.     1.576706E-9
            8448.     1.050715E-9
            8449.    5.251461E-10
            8450.              0.
         8550.999    5.017175E-10
            8552.     1.003939E-9
            8553.     1.505193E-9
            8554.     2.005972E-9
            8555.     2.506268E-9
            8556.     3.006086E-9
         8556.999     3.504936E-9
            8558.     4.004281E-9
            8559.     4.502658E-9
            8560.     5.000556E-9
            8561.     5.497970E-9
            8562.     5.994900E-9
            8563.     6.491349E-9
         8564.001     6.987797E-9
            8565.     7.482793E-9
            8566.     7.977792E-9
            8567.     8.472300E-9
            8568.     8.966325E-9
            8569.     9.459864E-9
            8570.     9.952916E-9
            8571.     1.044548E-8
         8572.001     1.093804E-8
            8573.     1.142915E-8
            8574.     1.192025E-8
            8575.     1.241086E-8
         8575.999     1.290050E-8
            8577.     1.339061E-8
            8578.     1.387975E-8
            8579.     1.436839E-8
            8580.     1.485655E-8
            8581.     1.534421E-8
            8582.     1.583138E-8
         8583.001     1.631853E-8
         8583.999     1.680377E-8
            8585.     1.728992E-8
            8586.     1.777512E-8
            8587.     1.825981E-8
            8588.     1.874401E-8
            8589.     1.922771E-8
            8590.     1.971091E-8
         8591.001     2.019409E-8
            8592.     2.067583E-8
            8593.     2.115753E-8
            8594.     2.163874E-8
            8595.     2.211945E-8
            8596.     2.259965E-8
            8597.     2.307936E-8
            8598.     2.355856E-8
            8599.     2.403726E-8
            8600.     2.451546E-8
            8601.     2.499315E-8
            8602.     2.547035E-8
         8602.999     2.594657E-8
            8604.     2.642321E-8
            8605.     2.689889E-8
            8606.     2.737406E-8
            8607.     2.784872E-8
            8608.     2.832288E-8
            8609.     2.879653E-8
         8610.001     2.927013E-8
            8611.     2.974229E-8
            8612.     3.021442E-8
            8613.     3.068603E-8
            8614.     3.115712E-8
            8615.     3.162771E-8
         8616.001     3.209825E-8
            8617.     3.256734E-8
         8618.001     3.303685E-8
            8619.     3.350494E-8
         8619.999     3.397251E-8
            8621.     3.444047E-8
         8621.999     3.490701E-8
            8623.     3.537394E-8
            8624.     3.583990E-8
            8625.     3.630534E-8
            8626.     3.677027E-8
            8627.     3.723468E-8
         8627.999     3.769811E-8
            8629.     3.816195E-8
            8630.     3.862479E-8
            8631.     3.908713E-8
            8632.     3.954894E-8
            8633.     4.001024E-8
            8634.     4.047101E-8
         8635.001     4.093171E-8
            8636.     4.139099E-8
            8637.     4.185019E-8
            8638.     4.230887E-8
            8639.     4.276702E-8
            8640.     4.322465E-8
            8641.     4.368176E-8
            8642.     4.413833E-8
            8643.     4.459438E-8
            8644.     4.504991E-8
            8645.     4.550492E-8
            8646.     4.595938E-8
         8646.999     4.641288E-8
            8648.     4.686675E-8
            8649.     4.731962E-8
            8650.     4.777197E-8
            8651.     4.774544E-8
            8652.     4.771890E-8
            8653.     4.769233E-8
         8654.001     4.766573E-8
         8654.999     4.763918E-8
            8656.     4.761253E-8
            8657.     4.758590E-8
            8658.     4.755926E-8
            8659.     4.753258E-8
            8660.     4.750590E-8
            8661.     4.747920E-8
         8662.001     4.745245E-8
            8663.     4.742575E-8
            8664.     4.739898E-8
            8665.     4.737222E-8
         8665.999     4.734546E-8
            8667.     4.731863E-8
            8668.     4.729180E-8
            8669.     4.726496E-8
            8670.     4.723811E-8
            8671.     4.721124E-8
            8672.     4.718436E-8
            8673.     4.715745E-8
         8673.999     4.713056E-8
            8675.     4.710360E-8
            8676.     4.707665E-8
            8677.     4.704967E-8
            8678.     4.702268E-8
            8679.     4.699567E-8
            8680.     4.696864E-8
         8681.001     4.694159E-8
            8682.     4.691455E-8
            8683.     4.688748E-8
            8684.     4.686038E-8
            8685.     4.683326E-8
            8686.     4.680615E-8
         8687.001     4.677898E-8
            8688.     4.675183E-8
            8689.     4.672465E-8
            8690.     4.669745E-8
         8690.999     4.667027E-8
            8692.     4.664301E-8
         8692.999     4.661580E-8
            8694.     4.658850E-8
            8695.     4.656122E-8
            8696.     4.653392E-8
            8697.     4.650661E-8
            8698.     4.647927E-8
            8699.     4.645191E-8
            8700.     4.642455E-8
            8701.     4.639717E-8
            8702.     4.636976E-8
            8703.     4.634234E-8
            8704.     4.631491E-8
            8705.     4.628746E-8
         8706.001     4.625997E-8
            8707.     4.623249E-8
         8708.001     4.620496E-8
            8709.     4.617747E-8
            8710.     4.614993E-8
            8711.     4.612237E-8
         8711.999     4.609483E-8
            8713.     4.606721E-8
            8714.     4.603960E-8
            8715.     4.601197E-8
            8716.     4.598433E-8
            8717.     4.595666E-8
         8717.999     4.592901E-8
            8719.     4.590129E-8
            8720.     4.587358E-8
            8721.     4.584584E-8
            8722.     4.581810E-8
            8723.     4.579034E-8
            8724.     4.576256E-8
         8725.001     4.573473E-8
            8726.     4.570695E-8
            8727.     4.567910E-8
            8728.     4.565126E-8
            8729.     4.562338E-8
            8730.     4.559550E-8
            8731.     4.556760E-8
            8732.     4.553968E-8
         8733.001     4.551171E-8
            8734.     4.548379E-8
            8735.     4.545582E-8
            8736.     4.542784E-8
         8736.999     4.539984E-8
            8738.     4.537179E-8
            8739.     4.534376E-8
            8740.     4.531569E-8
            8741.     4.528762E-8
            8742.     4.525953E-8
            8743.     4.523142E-8
         8744.001     4.520326E-8
         8744.999     4.517517E-8
            8746.     4.514698E-8
            8747.     4.511881E-8
            8748.     4.509061E-8
            8749.     4.506239E-8
            8750.     4.503416E-8
            8751.     4.455586E-8
         8752.001     4.407763E-8
            8753.     4.360088E-8
            8754.     4.312422E-8
            8755.     4.264811E-8
            8756.     4.217255E-8
            8757.     4.169754E-8
            8758.     4.122308E-8
            8759.     4.074917E-8
            8760.     4.027581E-8
            8761.     3.980301E-8
            8762.     3.933075E-8
            8763.     3.885906E-8
         8763.999     3.838838E-8
            8765.     3.791732E-8
            8766.     3.744730E-8
            8767.     3.697782E-8
            8768.     3.650889E-8
            8769.     3.604053E-8
            8770.     3.557272E-8
         8771.001     3.510502E-8
            8772.     3.463878E-8
            8773.     3.417265E-8
            8774.     3.370707E-8
            8775.     3.324206E-8
            8776.     3.277761E-8
         8777.001     3.231326E-8
            8778.     3.185038E-8
         8779.001     3.138716E-8
            8780.     3.092540E-8
         8780.999     3.046421E-8
            8782.     3.000268E-8
         8782.999     2.954262E-8
            8784.     2.908222E-8
            8785.     2.862283E-8
            8786.     2.816401E-8
            8787.     2.770576E-8
            8788.     2.724807E-8
            8789.     2.679095E-8
            8790.     2.633439E-8
            8791.     2.587841E-8
            8792.     2.542300E-8
            8793.     2.496815E-8
            8794.     2.451387E-8
            8795.     2.406017E-8
         8796.001     2.360659E-8
            8797.     2.315447E-8
         8798.001     2.270203E-8
            8799.     2.225106E-8
            8800.     2.180021E-8
            8801.     2.134994E-8
            8802.     2.090024E-8
            8803.     2.045111E-8
            8804.     2.000256E-8
            8805.     1.955459E-8
            8806.     1.910719E-8
            8807.     1.866037E-8
         8807.999     1.821456E-8
            8809.     1.776846E-8
            8810.     1.732337E-8
            8811.     1.687886E-8
            8812.     1.643493E-8
            8813.     1.599158E-8
            8814.     1.554881E-8
         8815.001     1.510619E-8
            8816.     1.466501E-8
            8817.     1.422399E-8
            8818.     1.378354E-8
            8819.     1.334368E-8
            8820.     1.290440E-8
            8821.     1.246571E-8
            8822.     1.202760E-8
         8823.001     1.158965E-8
            8824.     1.115314E-8
            8825.     1.071679E-8
            8826.     1.028102E-8
         8826.999     9.846269E-9
            8828.     9.411254E-9
            8829.     8.977249E-9
            8830.     8.543837E-9
            8831.     8.111012E-9
            8832.     7.678779E-9
            8833.     7.247133E-9
            8834.     6.816078E-9
         8834.999     6.386037E-9
            8836.     5.955746E-9
            8837.     5.526467E-9
            8838.     5.097783E-9
            8839.     4.669689E-9
            8840.     4.242192E-9
            8841.     3.815289E-9
         8842.001     3.388565E-9
            8843.     2.963268E-9
            8844.     2.538151E-9
            8845.     2.113632E-9
            8846.     1.689709E-9
            8847.     1.266384E-9
         8848.001    8.432444E-10
            8849.    4.215288E-10
            8850.              0.
            8951.    3.900242E-10
            8952.    7.793984E-10
            8953.     1.168122E-9
            8954.     1.556198E-9
            8955.     1.943619E-9
            8956.     2.330389E-9
         8957.001     2.716883E-9
            8958.     3.101971E-9
         8959.001     3.487158E-9
            8960.     3.870941E-9
            8961.     4.254444E-9
            8962.     4.637291E-9
            8963.     5.019484E-9
            8964.     5.401020E-9
            8965.     5.781899E-9
            8966.     6.162126E-9
            8967.     6.541691E-9
            8968.     6.920598E-9
         8968.999     7.298477E-9
            8970.     7.676436E-9
            8971.     8.053369E-9
            8972.     8.429641E-9
            8973.     8.805253E-9
            8974.     9.180203E-9
            8975.     9.554491E-9
         8976.001     9.928482E-9
            8977.     1.030108E-8
            8978.     1.067338E-8
            8979.     1.104502E-8
            8980.     1.141600E-8
            8981.     1.178631E-8
            8982.     1.215595E-8
            8983.     1.252493E-8
         8984.001     1.289360E-8
            8985.     1.326089E-8
            8986.     1.362787E-8
            8987.     1.399418E-8
         8987.999     1.435947E-8
            8989.     1.472480E-8
            8990.     1.508911E-8
            8991.     1.545274E-8
            8992.     1.581571E-8
            8993.     1.617801E-8
            8994.     1.653964E-8
         8995.001     1.690094E-8
         8995.999     1.726052E-8
            8997.     1.762048E-8
            8998.     1.797942E-8
            8999.     1.833768E-8
            9000.     1.869527E-8
            9001.     1.905381E-8
            9002.     1.941175E-8
         9003.001     1.976941E-8
            9004.     2.012577E-8
            9005.     2.048187E-8
            9006.     2.083736E-8
            9007.     2.119223E-8
            9008.     2.154649E-8
         9009.001     2.190047E-8
            9010.     2.225316E-8
            9011.     2.260557E-8
            9012.     2.295738E-8
            9013.     2.330856E-8
            9014.     2.365913E-8
         9014.999     2.400873E-8
            9016.     2.435841E-8
            9017.     2.470713E-8
            9018.     2.505523E-8
            9019.     2.540270E-8
            9020.     2.574957E-8
            9021.     2.609581E-8
         9022.001     2.644177E-8
         9022.999     2.678610E-8
            9024.     2.713082E-8
            9025.     2.747457E-8
            9026.     2.781772E-8
            9027.     2.816023E-8
         9028.001     2.850246E-8
            9029.     2.884340E-8
         9030.001     2.918438E-8
            9031.     2.952407E-8
            9032.     2.986346E-8
            9033.     3.020223E-8
         9033.999     3.054006E-8
            9035.     3.087791E-8
            9036.     3.121480E-8
            9037.     3.155107E-8
            9038.     3.188671E-8
            9039.     3.222172E-8
         9039.999     3.255579E-8
            9041.     3.288986E-8
         9041.999     3.322267E-8
            9043.     3.355549E-8
            9044.     3.388735E-8
            9045.     3.421859E-8
            9046.     3.454920E-8
         9047.001     3.487949E-8
            9048.     3.520851E-8
            9049.     3.553722E-8
            9050.     3.586529E-8
            9051.     3.547606E-8
            9052.     3.508741E-8
            9053.     3.469937E-8
            9054.     3.431193E-8
         9055.001     3.392472E-8
            9056.     3.353888E-8
            9057.     3.315325E-8
            9058.     3.276824E-8
         9058.999     3.238420E-8
            9060.     3.200002E-8
            9061.     3.161683E-8
            9062.     3.123424E-8
            9063.     3.085226E-8
            9064.     3.047089E-8
            9065.     3.009012E-8
         9066.001     2.970960E-8
         9066.999     2.933079E-8
            9068.     2.895149E-8
            9069.     2.857316E-8
            9070.     2.819545E-8
            9071.     2.781835E-8
            9072.     2.744186E-8
            9073.     2.706598E-8
         9074.001     2.669035E-8
            9075.     2.631607E-8
            9076.     2.594203E-8
            9077.     2.556861E-8
            9078.     2.519580E-8
            9079.     2.482361E-8
            9080.     2.445204E-8
            9081.     2.408108E-8
            9082.     2.371073E-8
            9083.     2.334101E-8
            9084.     2.297190E-8
            9085.     2.260341E-8
         9085.999     2.223590E-8
            9087.     2.186829E-8
            9088.     2.150165E-8
            9089.     2.113564E-8
            9090.     2.077025E-8
            9091.     2.040547E-8
            9092.     2.004133E-8
         9093.001     1.967745E-8
         9093.999     1.931525E-8
            9095.     1.895261E-8
            9096.     1.859095E-8
            9097.     1.822991E-8
            9098.     1.786950E-8
         9099.001     1.750936E-8
            9100.     1.715055E-8
         9101.001     1.679167E-8
            9102.     1.643411E-8
         9102.999     1.607718E-8
            9104.     1.572017E-8
         9104.999     1.536449E-8
            9106.     1.500874E-8
            9107.     1.465397E-8
            9108.     1.429983E-8
            9109.     1.394631E-8
            9110.     1.359343E-8
            9111.     1.324117E-8
            9112.     1.288956E-8
         9112.999     1.253891E-8
            9114.     1.218820E-8
            9115.     1.183847E-8
            9116.     1.148938E-8
            9117.     1.114092E-8
         9118.001     1.079275E-8
            9119.     1.044590E-8
         9120.001     1.009900E-8
            9121.     9.753412E-9
            9122.     9.408124E-9
            9123.     9.063472E-9
            9124.     8.719455E-9
            9125.     8.376077E-9
            9126.     8.033337E-9
            9127.     7.691232E-9
            9128.     7.349767E-9
            9129.     7.008939E-9
         9129.999     6.669084E-9
            9131.     6.329205E-9
         9131.999     5.990629E-9
            9133.     5.652032E-9
            9134.     5.314408E-9
            9135.     4.977424E-9
            9136.     4.641084E-9
         9137.001     4.305057E-9
            9138.     3.970329E-9
            9139.     3.635917E-9
            9140.     3.302150E-9
            9141.     2.969027E-9
            9142.     2.636549E-9
            9143.     2.304716E-9
            9144.     1.973529E-9
         9145.001     1.642666E-9
            9146.     1.313095E-9
         9147.001    9.835280E-10
            9148.    6.552511E-10
         9148.999    3.276210E-10
            9150.              0.
            9251.    2.933703E-10
            9252.    5.860498E-10
            9253.    8.780379E-10
         9254.001     1.169619E-9
         9254.999     1.459656E-9
            9256.     1.749851E-9
            9257.     2.039070E-9
            9258.     2.327595E-9
            9259.     2.615426E-9
            9260.     2.902563E-9
            9261.     3.189005E-9
         9262.001     3.475029E-9
            9263.     3.759800E-9
         9263.999     4.043877E-9
            9265.     4.327811E-9
         9265.999     4.610496E-9
            9267.     4.893035E-9
            9268.     5.174598E-9
            9269.     5.455464E-9
            9270.     5.735630E-9
            9271.     6.015099E-9
            9272.     6.293868E-9
            9273.     6.571935E-9
         9273.999     6.849032E-9
            9275.     7.125968E-9
            9276.     7.401932E-9
            9277.     7.677194E-9
            9278.     7.951753E-9
            9279.     8.225608E-9
            9280.     8.498763E-9
         9281.001     8.771477E-9
            9282.     9.042956E-9
            9283.     9.313996E-9
            9284.     9.584331E-9
            9285.     9.853960E-9
            9286.     1.012288E-8
            9287.     1.039110E-8
            9288.     1.065861E-8
            9289.     1.092541E-8
            9290.     1.119150E-8
         9290.999     1.145663E-8
            9292.     1.172157E-8
         9292.999     1.198527E-8
            9294.     1.224879E-8
            9295.     1.251134E-8
            9296.     1.277317E-8
            9297.     1.303429E-8
            9298.     1.329471E-8
            9299.     1.355441E-8
            9300.     1.381340E-8
            9301.     1.407168E-8
            9302.     1.432924E-8
            9303.     1.458609E-8
            9304.     1.484222E-8
            9305.     1.509764E-8
         9306.001     1.535259E-8
            9307.     1.560633E-8
         9308.001     1.585985E-8
            9309.     1.611217E-8
         9309.999     1.636376E-8
            9311.     1.661513E-8
         9311.999     1.686528E-8
            9313.     1.711521E-8
            9314.     1.736418E-8
            9315.     1.761243E-8
            9316.     1.785995E-8
            9317.     1.810677E-8
         9317.999     1.835261E-8
            9319.     1.859821E-8
            9320.     1.884286E-8
            9321.     1.908678E-8
            9322.     1.932998E-8
            9323.     1.957246E-8
            9324.     1.981421E-8
         9325.001     2.005547E-8
            9326.     2.029554E-8
            9327.     2.053512E-8
            9328.     2.077398E-8
            9329.     2.101211E-8
            9330.     2.124951E-8
            9331.     2.148619E-8
            9332.     2.172214E-8
            9333.     2.195736E-8
            9334.     2.219186E-8
            9335.     2.242563E-8
            9336.     2.265867E-8
         9336.999     2.289075E-8
            9338.     2.312255E-8
            9339.     2.335340E-8
            9340.     2.358351E-8
            9341.     2.381290E-8
            9342.     2.404156E-8
            9343.     2.426948E-8
         9344.001     2.449689E-8
         9344.999     2.472291E-8
            9346.     2.494886E-8
            9347.     2.517384E-8
            9348.     2.539810E-8
            9349.     2.562162E-8
            9350.     2.584441E-8
            9351.     2.555029E-8
         9352.001     2.525659E-8
            9353.     2.496417E-8
            9354.     2.467217E-8
            9355.     2.438089E-8
         9355.999     2.409058E-8
            9357.     2.380042E-8
            9358.     2.351126E-8
            9359.     2.322280E-8
            9360.     2.293505E-8
            9361.     2.264801E-8
            9362.     2.236168E-8
            9363.     2.207607E-8
         9363.999     2.179144E-8
            9365.     2.150697E-8
            9366.     2.122349E-8
            9367.     2.094071E-8
            9368.     2.065866E-8
            9369.     2.037731E-8
            9370.     2.009668E-8
         9371.001     1.981650E-8
            9372.     1.953757E-8
            9373.     1.925909E-8
            9374.     1.898132E-8
            9375.     1.870427E-8
            9376.     1.842793E-8
         9377.001     1.815205E-8
            9378.     1.787741E-8
            9379.     1.760323E-8
            9380.     1.732976E-8
         9380.999     1.705729E-8
            9382.     1.678499E-8
         9382.999     1.651396E-8
            9384.     1.624310E-8
            9385.     1.597324E-8
            9386.     1.570410E-8
            9387.     1.543567E-8
            9388.     1.516798E-8
            9389.     1.490099E-8
            9390.     1.463474E-8
            9391.     1.436921E-8
            9392.     1.410440E-8
            9393.     1.384032E-8
            9394.     1.357696E-8
            9395.     1.331433E-8
         9396.001     1.305217E-8
            9397.     1.279125E-8
         9398.001     1.253054E-8
            9399.     1.227107E-8
            9400.     1.201207E-8
            9401.     1.175380E-8
         9401.999     1.149651E-8
            9403.     1.123944E-8
            9404.     1.098336E-8
            9405.     1.072801E-8
            9406.     1.047338E-8
            9407.     1.021949E-8
         9407.999     9.966576E-9
            9409.     9.713901E-9
            9410.     9.462204E-9
            9411.     9.211241E-9
            9412.     8.961010E-9
            9413.     8.711512E-9
            9414.     8.462750E-9
         9415.001     8.214477E-9
            9416.     7.967427E-9
            9417.     7.720868E-9
            9418.     7.475045E-9
            9419.     7.229958E-9
            9420.     6.985608E-9
            9421.     6.741995E-9
            9422.     6.499121E-9
         9423.001     6.256748E-9
            9424.     6.015586E-9
            9425.     5.774927E-9
            9426.     5.535008E-9
         9426.999     5.296062E-9
            9428.     5.057390E-9
            9429.     4.819691E-9
            9430.     4.582735E-9
            9431.     4.346520E-9
            9432.     4.111047E-9
            9433.     3.876318E-9
            9434.     3.642331E-9
         9434.999     3.409316E-9
            9436.     3.176590E-9
            9437.     2.944836E-9
            9438.     2.713827E-9
            9439.     2.483563E-9
            9440.     2.254046E-9
            9441.     2.025275E-9
         9442.001     1.797028E-9
            9443.     1.569973E-9
            9444.     1.343444E-9
            9445.     1.117664E-9
            9446.    8.926317E-10
            9447.    6.683488E-10
            9448.    4.448156E-10
            9449.    2.220325E-10
            9450.              0.
            9451.    2.212812E-10
         9451.999    4.415957E-10
            9453.    6.615887E-10
         9453.999    8.804016E-10
            9455.     1.098888E-9
            9456.     1.316407E-9
            9457.     1.533172E-9
            9458.     1.749183E-9
            9459.     1.964439E-9
            9460.     2.178942E-9
            9461.     2.392687E-9
            9462.     2.605677E-9
            9463.     2.817910E-9
            9464.     3.029386E-9
            9465.     3.240104E-9
            9466.     3.450066E-9
         9467.001     3.659471E-9
            9468.     3.867711E-9
         9469.001     4.075596E-9
            9470.     4.282318E-9
         9470.999     4.488281E-9
            9472.     4.693886E-9
         9472.999     4.898328E-9
            9474.     5.102406E-9
            9475.     5.305524E-9
            9476.     5.507879E-9
            9477.     5.709471E-9
            9478.     5.910299E-9
         9478.999     6.110171E-9
            9480.     6.309666E-9
            9481.     6.508202E-9
            9482.     6.705971E-9
            9483.     6.902975E-9
            9484.     7.099213E-9
            9485.     7.294685E-9
         9486.001     7.489579E-9
            9487.     7.683325E-9
            9488.     7.876493E-9
            9489.     8.068890E-9
            9490.     8.260523E-9
            9491.     8.451383E-9
            9492.     8.641474E-9
            9493.     8.830794E-9
            9494.     9.019343E-9
            9495.     9.207120E-9
            9496.     9.394125E-9
            9497.     9.580360E-9
         9497.999     9.765638E-9
            9499.     9.950508E-9
            9500.     1.013442E-8
            9501.     1.032204E-8
            9502.     1.050908E-8
            9503.     1.069553E-8
            9504.     1.088139E-8
         9505.001     1.106685E-8
         9505.999     1.125118E-8
            9507.     1.143546E-8
            9508.     1.161898E-8
            9509.     1.180191E-8
            9510.     1.198426E-8
            9511.     1.216602E-8
            9512.     1.234720E-8
         9513.001     1.252797E-8
            9514.     1.270781E-8
            9515.     1.288724E-8
            9516.     1.306608E-8
         9516.999     1.324416E-8
            9518.     1.342201E-8
            9519.     1.359910E-8
            9520.     1.377561E-8
            9521.     1.395154E-8
            9522.     1.412689E-8
            9523.     1.430166E-8
            9524.     1.447584E-8
         9524.999     1.464927E-8
            9526.     1.482246E-8
            9527.     1.499489E-8
            9528.     1.516675E-8
            9529.     1.533803E-8
            9530.     1.550872E-8
            9531.     1.567884E-8
         9532.001     1.584855E-8
            9533.     1.601734E-8
            9534.     1.618571E-8
            9535.     1.635351E-8
            9536.     1.652073E-8
            9537.     1.668737E-8
         9538.001     1.685359E-8
            9539.     1.701891E-8
            9540.     1.718382E-8
            9541.     1.734815E-8
         9541.999     1.751174E-8
            9543.     1.767508E-8
         9543.999     1.783752E-8
            9545.     1.799970E-8
            9546.     1.816114E-8
            9547.     1.832201E-8
            9548.     1.848230E-8
            9549.     1.864201E-8
            9550.     1.880115E-8
            9551.     1.858428E-8
            9552.     1.836799E-8
            9553.     1.815230E-8
            9554.     1.793719E-8
            9555.     1.772268E-8
            9556.     1.750876E-8
         9557.001     1.729521E-8
            9558.     1.708268E-8
         9559.001     1.687031E-8
            9560.     1.665895E-8
            9561.     1.644797E-8
            9562.     1.623758E-8
         9562.999     1.602798E-8
            9564.     1.581857E-8
            9565.     1.560994E-8
            9566.     1.540190E-8
            9567.     1.519445E-8
            9568.     1.498759E-8
         9568.999     1.478151E-8
            9570.     1.457561E-8
            9571.     1.437051E-8
            9572.     1.416599E-8
            9573.     1.396207E-8
            9574.     1.375872E-8
            9575.     1.355596E-8
         9576.001     1.335359E-8
            9577.     1.315219E-8
            9578.     1.295119E-8
            9579.     1.275076E-8
            9580.     1.255093E-8
            9581.     1.235167E-8
            9582.     1.215301E-8
            9583.     1.195492E-8
         9584.001     1.175723E-8
            9585.     1.156050E-8
            9586.     1.136416E-8
            9587.     1.116841E-8
         9587.999     1.097342E-8
            9589.     1.077864E-8
            9590.     1.058464E-8
            9591.     1.039121E-8
            9592.     1.019837E-8
            9593.     1.000610E-8
            9594.     9.814423E-9
         9595.001     9.623133E-9
         9595.999     9.432985E-9
            9597.     9.242857E-9
            9598.     9.053497E-9
            9599.     8.864713E-9
            9600.     8.676511E-9
            9601.     8.488890E-9
            9602.     8.301847E-9
         9603.001     8.115202E-9
            9604.     7.929497E-9
            9605.     7.744191E-9
            9606.     7.559462E-9
            9607.     7.375309E-9
            9608.     7.191733E-9
            9609.     7.008735E-9
            9610.     6.826316E-9
            9611.     6.644473E-9
            9612.     6.463209E-9
            9613.     6.282519E-9
            9614.     6.102406E-9
         9614.999     5.923043E-9
            9616.     5.743907E-9
            9617.     5.565520E-9
            9618.     5.387709E-9
            9619.     5.210472E-9
            9620.     5.033809E-9
            9621.     4.857723E-9
         9622.001     4.682039E-9
            9623.     4.507271E-9
            9624.     4.332905E-9
            9625.     4.159114E-9
            9626.     3.985896E-9
            9627.     3.813250E-9
         9628.001     3.641009E-9
            9629.     3.469675E-9
         9630.001     3.298581E-9
            9631.     3.128392E-9
         9631.999     2.958775E-9
            9633.     2.789397E-9
         9633.999     2.620921E-9
            9635.     2.452686E-9
            9636.     2.285187E-9
            9637.     2.118259E-9
            9638.     1.951900E-9
            9639.     1.786112E-9
         9639.999     1.621055E-9
            9641.     1.456246E-9
            9642.     1.292166E-9
            9643.     1.128656E-9
            9644.    9.657151E-10
            9645.    8.033423E-10
            9646.    6.415382E-10
         9647.001    4.801448E-10
            9648.    3.196337E-10
            9649.    1.595332E-10
            9650.              0.
           10051.    5.716157E-11
           10052.    1.139910E-10
           10053.    1.706550E-10
           10054.    2.269331E-10
           10055.    2.830450E-10
           10056.    3.388268E-10
           10057.    3.943336E-10
           10058.    4.495659E-10
           10059.    5.045777E-10
           10060.    5.592086E-10
           10061.    6.136197E-10
           10062.    6.677577E-10
           10063.    7.216230E-10
           10064.    7.752162E-10
           10065.    8.285370E-10
           10066.    8.815867E-10
           10067.    9.344162E-10
           10068.    9.868719E-10
           10069.     1.039108E-9
           10070.     1.091075E-9
           10071.     1.142722E-9
           10072.     1.194200E-9
           10073.     1.245308E-9
           10074.     1.296248E-9
           10075.     1.346870E-9
           10076.     1.397223E-9
           10077.     1.447309E-9
           10078.     1.497176E-9
           10079.     1.546631E-9
           10080.     1.595964E-9
           10081.     1.644983E-9
           10082.     1.693737E-9
           10083.     1.742225E-9
           10084.     1.790449E-9
           10085.     1.838407E-9
           10086.     1.886148E-9
           10087.     1.933531E-9
           10088.     1.980698E-9
           10089.     2.027601E-9
           10090.     2.074241E-9
           10091.     2.120619E-9
           10092.     2.166690E-9
           10093.     2.212590E-9
           10094.     2.258183E-9
           10095.     2.303515E-9
           10096.     2.348586E-9
           10097.     2.393397E-9
           10098.     2.437904E-9
           10099.     2.482238E-9
           10100.     2.526270E-9
           10101.     2.570043E-9
           10102.     2.613559E-9
           10103.     2.656816E-9
           10104.     2.699815E-9
           10105.     2.742598E-9
           10106.     2.785001E-9
           10107.     2.827269E-9
           10108.     2.869241E-9
           10109.     2.910956E-9
           10110.     2.952416E-9
           10111.     2.993622E-9
           10112.     3.034572E-9
           10113.     3.075308E-9
           10114.     3.115710E-9
           10115.     3.155859E-9
           10116.     3.195833E-9
           10117.     3.235475E-9
           10118.     3.274943E-9
           10119.     3.314119E-9
           10120.     3.353043E-9
           10121.     3.391717E-9
           10122.     3.430140E-9
           10123.     3.468312E-9
           10124.     3.506233E-9
           10125.     3.543867E-9
           10126.     3.581325E-9
           10127.     3.618497E-9
           10128.     3.655419E-9
           10129.     3.692093E-9
           10130.     3.728554E-9
           10131.     3.764697E-9
           10132.     3.800662E-9
           10133.     3.836312E-9
           10134.     3.871750E-9
           10135.     3.906940E-9
           10136.     3.941884E-9
           10137.     3.976582E-9
           10138.     4.011035E-9
           10139.     4.045241E-9
           10140.     4.079205E-9
           10141.     4.112925E-9
           10142.     4.146369E-9
           10143.     4.179635E-9
           10144.     4.212592E-9
           10145.     4.245370E-9
           10146.     4.277874E-9
           10147.     4.310136E-9
           10148.     4.342156E-9
           10149.     4.373965E-9
           10150.     4.405471E-9
           10151.     4.348913E-9
           10152.     4.292618E-9
           10153.     4.236588E-9
           10154.     4.180821E-9
           10155.     4.125317E-9
           10156.     4.070077E-9
           10157.     4.015045E-9
           10158.     3.960384E-9
           10159.     3.905877E-9
           10160.     3.851737E-9
           10161.     3.797860E-9
           10162.     3.744139E-9
           10163.     3.690782E-9
           10164.     3.637581E-9
           10165.     3.584693E-9
           10166.     3.532063E-9
           10167.     3.479692E-9
           10168.     3.427529E-9
           10169.     3.375777E-9
           10170.     3.324130E-9
           10171.     3.272793E-9
           10172.     3.221713E-9
           10173.     3.170890E-9
           10174.     3.120322E-9
           10175.     3.070011E-9
           10176.     3.019907E-9
           10177.     2.970157E-9
           10178.     2.920611E-9
           10179.     2.871321E-9
           10180.     2.822284E-9
           10181.     2.773503E-9
           10182.     2.724975E-9
           10183.     2.676701E-9
           10184.     2.628679E-9
           10185.     2.580909E-9
           10186.     2.533392E-9
           10187.     2.486126E-9
           10188.     2.439157E-9
           10189.     2.392348E-9
           10190.     2.345836E-9
           10191.     2.299573E-9
           10192.     2.253562E-9
           10193.     2.207799E-9
           10194.     2.162286E-9
           10195.     2.116977E-9
           10196.     2.072049E-9
           10197.     2.027237E-9
           10198.     1.982717E-9
           10199.     1.938443E-9
           10200.     1.894418E-9
           10201.     1.850639E-9
           10202.     1.807106E-9
           10203.     1.763777E-9
           10204.     1.720778E-9
           10205.     1.677981E-9
           10206.     1.635430E-9
           10207.     1.593164E-9
           10208.     1.551060E-9
           10209.     1.509241E-9
           10210.     1.467665E-9
           10211.     1.426332E-9
           10212.     1.385243E-9
           10213.     1.344395E-9
           10214.     1.303789E-9
           10215.     1.263464E-9
           10216.     1.223302E-9
           10217.     1.183419E-9
           10218.     1.143777E-9
           10219.     1.104375E-9
           10220.     1.065213E-9
           10221.     1.026290E-9
           10222.    9.875688E-10
           10223.    9.491613E-10
           10224.    9.109543E-10
           10225.    8.729852E-10
           10226.    8.352536E-10
           10227.    7.977592E-10
           10228.    7.604652E-10
           10229.    7.234802E-10
           10230.    6.866949E-10
           10231.    6.501455E-10
           10232.    6.138668E-10
           10233.    5.777523E-10
           10234.    5.419426E-10
           10235.    5.062973E-10
           10236.    4.709208E-10
           10237.    4.357777E-10
           10238.    4.008678E-10
           10239.    3.661907E-10
           10240.    3.317459E-10
           10241.    2.975332E-10
           10242.    2.635523E-10
           10243.    2.298025E-10
           10244.    1.962838E-10
           10245.    1.629955E-10
           10246.    1.299375E-10
           10247.    9.707733E-11
           10248.    6.451054E-11
           10249.    3.210939E-11
           10250.              0.
           10550.    6.316066E-15
           10551.    6.445051E-12
           10552.    1.285753E-11
           10553.    1.923750E-11
           10554.    2.557886E-11
           10555.    3.190016E-11
           10556.    3.817680E-11
           10557.    4.443338E-11
           10558.    5.065160E-11
           10559.    5.683762E-11
           10560.    6.299155E-11
           10561.    6.911337E-11
           10562.    7.520314E-11
           10563.    8.126096E-11
           10564.    8.728683E-11
           10565.    9.328086E-11
           10566.    9.924311E-11
           10567.    1.051736E-10
           10568.    1.110723E-10
           10569.    1.169451E-10
           10570.    1.227749E-10
           10571.    1.285846E-10
           10572.    1.343514E-10
           10573.    1.400924E-10
           10574.    1.458021E-10
           10575.    1.514749E-10
           10576.    1.571275E-10
           10577.    1.627434E-10
           10578.    1.683280E-10
           10579.    1.738816E-10
           10580.    1.794041E-10
           10581.    1.848903E-10
           10582.    1.903563E-10
           10583.    1.957860E-10
           10584.    2.011848E-10
           10585.    2.065529E-10
           10586.    2.118903E-10
           10587.    2.171970E-10
           10588.    2.224781E-10
           10589.    2.277185E-10
           10590.    2.329335E-10
           10591.    2.381180E-10
           10592.    2.432720E-10
           10593.    2.483958E-10
           10594.    2.534892E-10
           10595.    2.585524E-10
           10596.    2.635903E-10
           10597.    2.685883E-10
           10598.    2.735611E-10
           10599.    2.785039E-10
           10600.    2.834119E-10
           10601.    2.882995E-10
           10602.    2.931526E-10
           10603.    2.979757E-10
           10604.    3.027691E-10
           10605.    3.075329E-10
           10606.    3.122671E-10
           10607.    3.169761E-10
           10608.    3.216419E-10
           10609.    3.262919E-10
           10610.    3.309079E-10
           10611.    3.354946E-10
           10612.    3.400519E-10
           10613.    3.445799E-10
           10614.    3.490788E-10
           10615.    3.535528E-10
           10616.    3.579890E-10
           10617.    3.624005E-10
           10618.    3.667830E-10
           10619.    3.711366E-10
           10620.    3.754612E-10
           10621.    3.797571E-10
           10622.    3.840241E-10
           10623.    3.882625E-10
           10624.    3.924722E-10
           10625.    3.966532E-10
           10626.    4.008057E-10
           10627.    4.049256E-10
           10628.    4.090252E-10
           10629.    4.130923E-10
           10630.    4.171310E-10
           10631.    4.211415E-10
           10632.    4.251236E-10
           10633.    4.290776E-10
           10634.    4.330073E-10
           10635.    4.369012E-10
           10636.    4.407710E-10
           10637.    4.446128E-10
           10638.    4.484266E-10
           10639.    4.522125E-10
           10640.    4.559744E-10
           10641.    4.597011E-10
           10642.    4.634076E-10
           10643.    4.670792E-10
           10644.    4.707230E-10
           10645.    4.743466E-10
           10646.    4.779356E-10
           10647.    4.815042E-10
           10648.    4.850418E-10
           10649.    4.885522E-10
           10650.    4.920353E-10
           10651.    4.905854E-10
           10652.    4.891371E-10
           10653.    4.876908E-10
           10654.    4.862461E-10
           10655.    4.848034E-10
           10656.    4.833624E-10
           10657.    4.819232E-10
           10658.    4.804858E-10
           10659.    4.790489E-10
           10660.    4.776166E-10
           10661.    4.761832E-10
           10662.    4.747544E-10
           10663.    4.733260E-10
           10664.    4.718995E-10
           10665.    4.704748E-10
           10666.    4.690520E-10
           10667.    4.676307E-10
           10668.    4.662114E-10
           10669.    4.647939E-10
           10670.    4.633783E-10
           10671.    4.619657E-10
           10672.    4.605522E-10
           10673.    4.591419E-10
           10674.    4.577335E-10
           10675.    4.563267E-10
           10676.    4.549219E-10
           10677.    4.535188E-10
           10678.    4.521161E-10
           10679.    4.507194E-10
           10680.    4.493203E-10
           10681.    4.479245E-10
           10682.    4.465304E-10
           10683.    4.451381E-10
           10684.    4.437477E-10
           10685.    4.423590E-10
           10686.    4.409709E-10
           10687.    4.395871E-10
           10688.    4.382041E-10
           10689.    4.368225E-10
           10690.    4.354443E-10
           10691.    4.340651E-10
           10692.    4.326891E-10
           10693.    4.313149E-10
           10694.    4.299425E-10
           10695.    4.285718E-10
           10696.    4.272031E-10
           10697.    4.258362E-10
           10698.    4.244723E-10
           10699.    4.231076E-10
           10700.    4.217461E-10
           10701.    4.203863E-10
           10702.    4.190283E-10
           10703.    4.176721E-10
           10704.    4.163178E-10
           10705.    4.149640E-10
           10706.    4.136145E-10
           10707.    4.122657E-10
           10708.    4.109185E-10
           10709.    4.095732E-10
           10710.    4.082297E-10
           10711.    4.068867E-10
           10712.    4.055482E-10
           10713.    4.042101E-10
           10714.    4.028738E-10
           10715.    4.015407E-10
           10716.    4.002067E-10
           10717.    3.988771E-10
           10718.    3.975468E-10
           10719.    3.962195E-10
           10720.    3.948941E-10
           10721.    3.935705E-10
           10722.    3.922487E-10
           10723.    3.909287E-10
           10724.    3.896104E-10
           10725.    3.882941E-10
           10726.    3.869794E-10
           10727.    3.856666E-10
           10728.    3.843556E-10
           10729.    3.830464E-10
           10730.    3.817378E-10
           10731.    3.804335E-10
           10732.    3.791285E-10
           10733.    3.778278E-10
           10734.    3.765277E-10
           10735.    3.752293E-10
           10736.    3.739341E-10
           10737.    3.726381E-10
           10738.    3.713451E-10
           10739.    3.700540E-10
           10740.    3.687647E-10
           10741.    3.674772E-10
           10742.    3.661928E-10
           10743.    3.649076E-10
           10744.    3.636255E-10
           10745.    3.623453E-10
           10746.    3.610668E-10
           10747.    3.597901E-10
           10748.    3.585153E-10
           10749.    3.572410E-10
           10750.    3.559710E-10
           10751.    3.511544E-10
           10752.    3.463652E-10
           10753.    3.416030E-10
           10754.    3.368679E-10
           10755.    3.321598E-10
           10756.    3.274785E-10
           10757.    3.228197E-10
           10758.    3.181968E-10
           10759.    3.135961E-10
           10760.    3.090221E-10
           10761.    3.044793E-10
           10762.    2.999542E-10
           10763.    2.954601E-10
           10764.    2.909925E-10
           10765.    2.865514E-10
           10766.    2.821366E-10
           10767.    2.777482E-10
           10768.    2.733819E-10
           10769.    2.690545E-10
           10770.    2.647406E-10
           10771.    2.604570E-10
           10772.    2.561996E-10
           10773.    2.519682E-10
           10774.    2.477627E-10
           10775.    2.435831E-10
           10776.    2.394253E-10
           10777.    2.353015E-10
           10778.    2.311994E-10
           10779.    2.271229E-10
           10780.    2.230721E-10
           10781.    2.190469E-10
           10782.    2.150472E-10
           10783.    2.110730E-10
           10784.    2.071242E-10
           10785.    2.032008E-10
           10786.    1.993028E-10
           10787.    1.954299E-10
           10788.    1.915860E-10
           10789.    1.877598E-10
           10790.    1.839624E-10
           10791.    1.801901E-10
           10792.    1.764428E-10
           10793.    1.727204E-10
           10794.    1.690228E-10
           10795.    1.653466E-10
           10796.    1.617022E-10
           10797.    1.580790E-10
           10798.    1.544805E-10
           10799.    1.509066E-10
           10800.    1.473572E-10
           10801.    1.438289E-10
           10802.    1.403320E-10
           10803.    1.368526E-10
           10804.    1.334043E-10
           10805.    1.299802E-10
           10806.    1.265738E-10
           10807.    1.231980E-10
           10808.    1.198399E-10
           10809.    1.165091E-10
           10810.    1.132023E-10
           10811.    1.099195E-10
           10812.    1.066606E-10
           10813.    1.034255E-10
           10814.    1.002143E-10
           10815.    9.702679E-11
           10816.    9.386296E-11
           10817.    9.072276E-11
           10818.    8.760615E-11
           10819.    8.451307E-11
           10820.    8.144045E-11
           10821.    7.839725E-11
           10822.    7.537148E-11
           10823.    7.237491E-11
           10824.    6.939863E-11
           10825.    6.644556E-11
           10826.    6.351564E-11
           10827.    6.060882E-11
           10828.    5.772502E-11
           10829.    5.486420E-11
           10830.    5.202633E-11
           10831.    4.921132E-11
           10832.    4.642184E-11
           10833.    4.364969E-11
           10834.    4.090298E-11
           10835.    3.817893E-11
           10836.    3.547748E-11
           10837.    3.279857E-11
           10838.    3.014216E-11
           10839.    2.750562E-11
           10840.    2.489660E-11
           10841.    2.230734E-11
           10842.    1.974037E-11
           10843.    1.719561E-11
           10844.    1.467303E-11
           10845.    1.217256E-11
           10846.    9.694143E-12
           10847.    7.235348E-12
           10848.    4.803278E-12
           10849.    2.388373E-12
           10850.              0.
