#  Table pcf631nsys.tab  Mon 12:21:18 02-Jun-97

#      WAVELENGTH      THROUGHPUT
#       angstroms                

            6179     0.
            6180.     2.122206E-8
            6181.     2.122276E-8
            6182.     2.122345E-8
            6183.     2.122415E-8
            6184.     2.122484E-8
            6185.     2.122554E-8
            6186.     2.122624E-8
            6187.     2.122693E-8
            6188.     2.122763E-8
            6189.     2.122832E-8
            6190.     2.122901E-8
            6191.     2.122970E-8
            6192.     2.123040E-8
            6193.     2.123109E-8
            6194.     2.123178E-8
            6195.     2.123247E-8
            6196.     2.123316E-8
            6197.     2.123385E-8
            6198.     2.123454E-8
            6199.     2.123523E-8
            6200.     2.123592E-8
            6201.     2.123661E-8
            6202.     2.123729E-8
            6203.     2.123798E-8
            6204.     2.123867E-8
            6205.     2.123935E-8
            6206.     2.124004E-8
            6207.     2.124072E-8
            6208.     2.124141E-8
            6209.     2.124210E-8
            6210.     2.124278E-8
            6211.     2.124340E-8
            6212.     2.124402E-8
            6213.     2.124463E-8
            6214.     2.124525E-8
            6215.     2.124586E-8
            6216.     2.124648E-8
            6217.     2.124710E-8
            6218.     2.124771E-8
            6219.     2.124833E-8
            6220.     2.124894E-8
            6221.     2.124962E-8
            6222.     2.125030E-8
            6223.     2.125097E-8
            6224.     2.125165E-8
            6225.     2.125232E-8
            6226.     2.125300E-8
            6227.     2.125368E-8
            6228.     2.125435E-8
            6229.     2.125503E-8
            6230.     2.125570E-8
            6231.     2.125631E-8
            6232.     2.125691E-8
            6233.     2.125752E-8
            6234.     2.125812E-8
            6235.     2.125872E-8
            6236.     2.125933E-8
            6237.     2.125993E-8
            6238.     2.126054E-8
            6239.     2.126114E-8
            6240.     2.126174E-8
            6241.     2.126241E-8
            6242.     2.126308E-8
            6243.     2.126374E-8
            6244.     2.126441E-8
            6245.     2.126508E-8
            6246.     2.126574E-8
            6247.     2.126641E-8
            6248.     2.126708E-8
            6249.     2.126774E-8
            6250.     2.126841E-8
            6251.     7.107394E-6
            6252.     1.419392E-5
            6253.     1.419432E-5
            6254.     1.419471E-5
            6255.     1.419511E-5
            6256.     1.419551E-5
            6257.     2.838047E-5
            6258.     4.256623E-5
            6259.     4.965513E-5
            6260.     5.675484E-5
            6261.     7.801934E-5
            6262.     9.929526E-5
            6263.     1.276614E-4
            6264.     1.560151E-4
            6265.     1.985746E-4
            6266.     2.411430E-4
            6267.     3.262793E-4
            6268.     4.113989E-4
            6269.     5.461781E-4
            6270.     6.809641E-4
            6271.     9.434355E-4
            6272.      0.00120616
            6273.      0.00169519
            6274.     0.002184963
            6275.     0.003057604
            6276.     0.003930295
            6277.     0.005562156
            6278.     0.007194109
            6279.      0.01006917
            6280.       0.0129441
            6281.      0.01808854
            6282.      0.02323072
            6283.      0.03232794
            6284.      0.04142559
            6285.      0.05468262
            6286.      0.06795327
            6287.      0.08277922
            6288.      0.09760593
            6289.       0.1072031
            6290.       0.1168007
            6291.       0.1198893
            6292.       0.1229794
            6293.       0.1233104
            6294.       0.1236398
            6295.       0.1239693
            6296.       0.1242988
            6297.       0.1246283
            6298.       0.1249582
            6299.       0.1256639
            6300.       0.1263693
            6301.       0.1268125
            6302.       0.1272556
            6303.       0.1271806
            6304.       0.1271055
            6305.       0.1271653
            6306.       0.1272251
            6307.       0.1270649
            6308.       0.1269046
            6309.       0.1265599
            6310.        0.126215
            6311.       0.1256851
            6312.       0.1251549
            6313.       0.1242202
            6314.       0.1232855
            6315.       0.1222158
            6316.       0.1211461
            6317.        0.120161
            6318.       0.1191774
            6319.       0.1185118
            6320.       0.1178467
            6321.       0.1170962
            6322.       0.1163458
            6323.       0.1126622
            6324.       0.1089737
            6325.      0.09955097
            6326.      0.09012518
            6327.      0.07528946
            6328.      0.06044587
            6329.      0.04650378
            6330.      0.03256114
            6331.      0.02428638
            6332.      0.01601129
            6333.       0.0118915
            6334.     0.007771546
            6335.     0.005882065
            6336.      0.00399343
            6337.     0.003076586
            6338.     0.002159731
            6339.     0.001690876
            6340.     0.001222001
            6341.     9.733611E-4
            6342.     7.247126E-4
            6343.     5.825576E-4
            6344.     4.404982E-4
            6345.     3.623854E-4
            6346.     2.842318E-4
            6347.     2.273912E-4
            6348.     1.705488E-4
            6349.     1.350209E-4
            6350.     9.948487E-5
            6351.     8.527176E-5
            6352.     7.106167E-5
            6353.     6.396439E-5
            6354.     5.686340E-5
            6355.     4.265485E-5
            6356.     2.843889E-5
            6357.     2.133000E-5
            6358.     1.422783E-5
            6359.     1.422806E-5
            6360.     1.422830E-5
            6361.     7.124909E-6
            6362.     2.479030E-8
            6363.     2.132199E-8
            6364.     2.132228E-8
            6365.     2.132257E-8
            6366.     2.132286E-8
            6367.     2.132315E-8
            6368.     2.132343E-8
            6369.     2.132373E-8
            6370.     2.132401E-8
            6371.     2.132430E-8
            6372.     2.132459E-8
            6373.     2.132487E-8
            6374.     2.132516E-8
            6375.     2.132544E-8
            6376.     2.132573E-8
            6377.     2.132602E-8
            6378.     2.132630E-8
            6379.     2.132659E-8
            6380.     2.132687E-8
            6381.     2.132716E-8
            6382.     2.132744E-8
            6383.     2.132772E-8
            6384.     2.132800E-8
            6385.     2.132828E-8
            6386.     2.132857E-8
            6387.     2.132885E-8
            6388.     2.132913E-8
            6389.     2.132941E-8
            6390.     2.132969E-8
            6391.     2.132990E-8
            6392.     2.133012E-8
            6393.     2.133033E-8
            6394.     2.133054E-8
            6395.     2.133075E-8
            6396.     2.133097E-8
            6397.     2.133117E-8
            6398.     2.133139E-8
            6399.     2.133159E-8
            6400.     2.133181E-8
            6401.     2.133195E-8
            6402.     2.133210E-8
            6403.     2.133224E-8
            6404.     2.133238E-8
            6405.     2.133253E-8
            6406.     2.133267E-8
            6407.     2.133281E-8
            6408.     2.133296E-8
            6409.     2.133310E-8
            6410.     2.133324E-8
            6411.     2.133339E-8
            6412.     2.133353E-8
            6413.     2.133367E-8
            6414.     2.133381E-8
            6415.     2.133395E-8
            6416.     2.133410E-8
            6417.     2.133424E-8
            6418.     2.133438E-8
            6419.     2.133452E-8
            6420.     2.133466E-8
            6421.              0.
