#  Table pcfquvnsys.tab  Mon 12:23:14 02-Jun-97

#      WAVELENGTH      THROUGHPUT
#       angstroms                

            1909     0.
            1910.    1.062756E-12
            1911.     8.717525E-9
            1912.     1.747490E-8
            1913.     2.627215E-8
            1914.     3.510930E-8
            1915.     4.398638E-8
            1916.     5.290340E-8
            1917.     6.186039E-8
            1918.     7.085627E-8
            1919.     7.989436E-8
            1920.     8.897140E-8
            1921.     8.025683E-8
            1922.     7.150176E-8
            1923.     6.270615E-8
            1924.     5.386999E-8
            1925.     4.499323E-8
            1926.     3.607589E-8
            1927.     2.711791E-8
            1928.     1.811929E-8
            1929.     9.079988E-9
            1930.              0.
            1951.     9.539223E-9
            1952.     1.912121E-8
            1953.     2.874600E-8
            1954.     3.841362E-8
            1955.     4.812406E-8
            1956.     5.787856E-8
            1957.     6.767357E-8
            1958.     7.751267E-8
            1959.     8.739350E-8
            1960.     9.731966E-8
            1961.     8.778123E-8
            1962.     7.820192E-8
            1963.     6.857821E-8
            1964.     5.891125E-8
            1965.     4.920102E-8
            1966.     3.944749E-8
            1967.     2.965064E-8
            1968.     1.981046E-8
            1969.     9.926920E-9
            1970.    1.214430E-12
            1971.              0.
            1990.    1.269622E-12
            1991.     1.041299E-8
            1992.     2.087078E-8
            1993.     3.137339E-8
            1994.     4.192085E-8
            1995.     5.251316E-8
            1996.     6.315035E-8
            1997.     7.383244E-8
            1998.     8.455946E-8
            1999.     9.533137E-8
            2000.     1.061483E-7
            2001.     9.577359E-8
            2002.     8.534800E-8
            2003.     7.486636E-8
            2004.     6.433370E-8
            2005.     5.374608E-8
            2006.     4.310602E-8
            2007.     3.240951E-8
            2008.     2.165906E-8
            2009.     1.085723E-8
            2010.              0.
            3571.     4.852598E-8
            3572.     9.710546E-8
            3573.     1.457504E-7
            3574.     1.944370E-7
            3575.     2.431653E-7
            3576.     2.919591E-7
            3577.     3.408065E-7
            3578.     3.897077E-7
            3579.     4.386505E-7
            3580.     4.876709E-7
            3581.     4.879414E-7
            3582.     4.882119E-7
            3583.     4.884827E-7
            3584.     4.887534E-7
            3585.     4.890242E-7
            3586.     4.892952E-7
            3587.     4.895662E-7
            3588.     4.898373E-7
            3589.     4.901084E-7
            3590.     4.903796E-7
            3591.     4.906514E-7
            3592.     4.909234E-7
            3593.     4.911952E-7
            3594.     4.914673E-7
            3595.     4.917396E-7
            3596.     4.920118E-7
            3597.     4.922840E-7
            3598.     4.925566E-7
            3599.     4.928288E-7
            3600.     4.931014E-7
            3601.     4.933760E-7
            3602.     4.936506E-7
            3603.     4.939254E-7
            3604.     4.942003E-7
            3605.     4.944753E-7
            3606.     4.947501E-7
            3607.     4.950253E-7
            3608.     4.953005E-7
            3609.     4.955756E-7
            3610.     4.958510E-7
            3611.     4.961254E-7
            3612.     4.963999E-7
            3613.     4.966745E-7
            3614.     4.969492E-7
            3615.     4.972239E-7
            3616.     4.974988E-7
            3617.     4.977737E-7
            3618.     4.980487E-7
            3619.     4.983239E-7
            3620.     4.985990E-7
            3621.     4.988779E-7
            3622.     4.991568E-7
            3623.     4.994357E-7
            3624.     4.997147E-7
            3625.     4.999937E-7
            3626.     5.002731E-7
            3627.     5.005524E-7
            3628.     5.008318E-7
            3629.     5.011112E-7
            3630.     5.013909E-7
            3631.     5.518488E-7
            3632.     6.023500E-7
            3633.     6.528948E-7
            3634.     7.035079E-7
            3635.     7.541766E-7
            3636.     8.049015E-7
            3637.     8.556700E-7
            3638.     9.065064E-7
            3639.     9.574115E-7
            3640.     1.008360E-6
            3641.     1.164176E-6
            3642.     1.320088E-6
            3643.     1.476211E-6
            3644.     1.632506E-6
            3645.     1.788974E-6
            3646.     1.945614E-6
            3647.     2.102390E-6
            3648.     2.259414E-6
            3649.     2.416572E-6
            3650.     2.573943E-6
            3651.     2.731382E-6
            3652.     2.889111E-6
            3653.     3.046976E-6
            3654.     3.205053E-6
            3655.     3.363229E-6
            3656.     3.521618E-6
            3657.     3.680181E-6
            3658.     3.838920E-6
            3659.     3.997833E-6
            3660.     4.156882E-6
            3661.     4.316188E-6
            3662.     4.475629E-6
            3663.     4.635283E-6
            3664.     4.794998E-6
            3665.     4.955005E-6
            3666.     5.115149E-6
            3667.     6.397489E-6
            3668.     7.681253E-6
            3669.     8.966437E-6
            3670.     1.025273E-5
            3671.     1.538812E-5
            3672.     2.052891E-5
            3673.     2.567414E-5
            3674.     3.082760E-5
            3675.     3.855590E-5
            3676.     4.629279E-5
            3677.     5.404012E-5
            3678.     6.179225E-5
            3679.     8.114732E-5
            3680.     1.005239E-4
            3681.     1.199219E-4
            3682.     1.393367E-4
            3683.     1.691024E-4
            3684.     1.989110E-4
            3685.     2.287453E-4
            3686.     2.586280E-4
            3687.     3.221510E-4
            3688.     3.857598E-4
            3689.     4.494388E-4
            3690.     5.132135E-4
            3691.     6.159081E-4
            3692.     7.187164E-4
            3693.     8.216886E-4
            3694.     9.247495E-4
            3695.     0.001098098
            3696.     0.001271597
            3697.     0.001445371
            3698.     0.001619295
            3699.      0.00184947
            3700.     0.002079787
            3701.     0.002310415
            3702.     0.002541298
            3703.     0.002824645
            3704.     0.003108306
            3705.     0.003392209
            3706.     0.003676564
            3707.     0.003955929
            3708.     0.004235602
            3709.     0.004515512
            3710.     0.004795868
            3711.     0.005071221
            3712.     0.005346944
            3713.       0.0056229
            3714.     0.005899093
            3715.     0.006155946
            3716.     0.006413079
            3717.     0.006670494
            3718.     0.006928127
            3719.     0.007163779
            3720.     0.007399627
            3721.     0.007635733
            3722.     0.007872145
            3723.     0.008065167
            3724.     0.008258444
            3725.     0.008451931
            3726.      0.00864563
            3727.     0.008832922
            3728.     0.009020371
            3729.     0.009208117
            3730.     0.009396018
            3731.     0.009543066
            3732.       0.0096902
            3733.     0.009837529
            3734.     0.009985013
            3735.      0.01009814
            3736.      0.01021134
            3737.      0.01032468
            3738.      0.01043814
            3739.      0.01055039
            3740.      0.01066273
            3741.      0.01077523
            3742.      0.01088787
            3743.      0.01099259
            3744.      0.01109745
            3745.      0.01120237
            3746.      0.01130743
            3747.      0.01139654
            3748.      0.01148576
            3749.      0.01157506
            3750.      0.01166443
            3751.      0.01177271
            3752.      0.01188108
            3753.      0.01198956
            3754.      0.01209813
            3755.      0.01217866
            3756.      0.01225925
            3757.      0.01233994
            3758.      0.01242067
            3759.       0.0125042
            3760.      0.01258782
            3761.      0.01267148
            3762.      0.01275523
            3763.      0.01280128
            3764.       0.0128474
            3765.      0.01289355
            3766.      0.01293974
            3767.      0.01295759
            3768.      0.01297546
            3769.      0.01299333
            3770.      0.01301121
            3771.      0.01298581
            3772.      0.01296036
            3773.      0.01293489
            3774.      0.01290937
            3775.      0.01286753
            3776.      0.01282564
            3777.      0.01278369
            3778.      0.01274169
            3779.      0.01267379
            3780.      0.01260579
            3781.      0.01253771
            3782.      0.01246953
            3783.      0.01238215
            3784.      0.01229472
            3785.      0.01220719
            3786.      0.01211954
            3787.      0.01210148
            3788.      0.01208341
            3789.       0.0120653
            3790.      0.01204719
            3791.      0.01207558
            3792.        0.012104
            3793.      0.01213244
            3794.       0.0121609
            3795.      0.01226352
            3796.      0.01236624
            3797.      0.01246907
            3798.      0.01257201
            3799.      0.01270252
            3800.      0.01283324
            3801.       0.0129641
            3802.      0.01309505
            3803.      0.01290364
            3804.      0.01271197
            3805.      0.01252008
            3806.      0.01232799
            3807.      0.01155819
            3808.      0.01078774
            3809.      0.01001608
            3810.     0.009243778
            3811.     0.008271236
            3812.     0.007297888
            3813.     0.006323024
            3814.     0.005347349
            3815.     0.004690982
            3816.     0.004034073
            3817.      0.00337662
            3818.     0.002718464
            3819.     0.002386042
            3820.     0.002053425
            3821.     0.001720528
            3822.     0.001387114
            3823.     0.001216458
            3824.     0.001045621
            3825.     8.745605E-4
            3826.     7.034019E-4
            3827.     6.213880E-4
            3828.     5.392669E-4
            3829.     4.570989E-4
            3830.     3.748236E-4
            3831.     3.344510E-4
            3832.     2.940158E-4
            3833.     2.535477E-4
            3834.     2.130315E-4
            3835.     1.921147E-4
            3836.     1.711707E-4
            3837.     1.502044E-4
            3838.     1.292121E-4
            3839.     1.138262E-4
            3840.     9.842027E-5
            3841.     8.299798E-5
            3842.     6.755938E-5
            3843.     6.055555E-5
            3844.     5.354260E-5
            3845.     4.652053E-5
            3846.     3.949276E-5
            3847.     3.527893E-5
            3848.     3.106270E-5
            3849.     2.684100E-5
            3850.     2.261484E-5
            3851.     1.979764E-5
            3852.     1.697887E-5
            3853.     1.415645E-5
            3854.     1.133108E-5
            3855.     9.919867E-6
            3856.     8.507185E-6
            3857.     7.093366E-6
            3858.     5.677378E-6
            3859.     5.680341E-6
            3860.     5.683305E-6
            3861.     5.686248E-6
            3862.     5.689194E-6
            3863.     5.692140E-6
            3864.     5.695088E-6
            3865.     5.698035E-6
            3866.     5.700984E-6
            3867.     5.703935E-6
            3868.     5.706886E-6
            3869.     5.709836E-6
            3870.     5.712788E-6
            3871.     5.715739E-6
            3872.     5.718691E-6
            3873.     5.721645E-6
            3874.     5.724597E-6
            3875.     5.727550E-6
            3876.     5.730506E-6
            3877.     5.733461E-6
            3878.     5.736418E-6
            3879.     5.739374E-6
            3880.     5.742333E-6
            3881.     5.745273E-6
            3882.     5.748213E-6
            3883.     5.751157E-6
            3884.     5.754098E-6
            3885.     5.757041E-6
            3886.     5.759986E-6
            3887.     5.762931E-6
            3888.     5.765874E-6
            3889.     5.768823E-6
            3890.     5.771770E-6
            3891.     5.543725E-6
            3892.     5.315390E-6
            3893.     5.086931E-6
            3894.     4.858182E-6
            3895.     4.629197E-6
            3896.     4.399921E-6
            3897.     4.170523E-6
            3898.     3.940832E-6
            3899.     3.710908E-6
            3900.     3.480746E-6
            3901.     3.424463E-6
            3902.     3.368136E-6
            3903.     3.311723E-6
            3904.     3.255265E-6
            3905.     3.198737E-6
            3906.     3.142176E-6
            3907.     3.085543E-6
            3908.     3.028853E-6
            3909.     2.972090E-6
            3910.     2.915297E-6
            3911.     2.858434E-6
            3912.     2.801487E-6
            3913.     2.744495E-6
            3914.     2.687445E-6
            3915.     2.630351E-6
            3916.     2.573170E-6
            3917.     2.515946E-6
            3918.     2.458649E-6
            3919.     2.401308E-6
            3920.     2.343924E-6
            3921.     2.286458E-6
            3922.     2.228935E-6
            3923.     2.171353E-6
            3924.     2.113728E-6
            3925.     2.056017E-6
            3926.     1.998262E-6
            3927.     1.940449E-6
            3928.     1.882564E-6
            3929.     1.824650E-6
            3930.     1.766663E-6
            3931.     1.767535E-6
            3932.     1.768407E-6
            3933.     1.769280E-6
            3934.     1.770152E-6
            3935.     1.771025E-6
            3936.     1.771898E-6
            3937.     1.772772E-6
            3938.     1.773645E-6
            3939.     1.774519E-6
            3940.     1.775393E-6
            3941.     1.717032E-6
            3942.     1.658643E-6
            3943.     1.600182E-6
            3944.     1.541664E-6
            3945.     1.483088E-6
            3946.     1.424469E-6
            3947.     1.365779E-6
            3948.     1.307017E-6
            3949.     1.248212E-6
            3950.     1.189349E-6
            3951.     1.189924E-6
            3952.     1.190499E-6
            3953.     1.191074E-6
            3954.     1.191650E-6
            3955.     1.192225E-6
            3956.     1.192801E-6
            3957.     1.193377E-6
            3958.     1.193953E-6
            3959.     1.194529E-6
            3960.     1.195105E-6
            3961.     1.195674E-6
            3962.     1.196242E-6
            3963.     1.196810E-6
            3964.     1.197379E-6
            3965.     1.197947E-6
            3966.     1.198516E-6
            3967.     1.199085E-6
            3968.     1.199654E-6
            3969.     1.200223E-6
            3970.     1.200792E-6
            3971.     1.201361E-6
            3972.     1.201929E-6
            3973.     1.202498E-6
            3974.     1.203066E-6
            3975.     1.203635E-6
            3976.     1.204204E-6
            3977.     1.204774E-6
            3978.     1.205343E-6
            3979.     1.205912E-6
            3980.     1.206482E-6
            3981.     1.207046E-6
            3982.     1.207610E-6
            3983.     1.208175E-6
            3984.     1.208740E-6
            3985.     1.209305E-6
            3986.     1.209871E-6
            3987.     1.210436E-6
            3988.     1.211001E-6
            3989.     1.211567E-6
            3990.     1.212132E-6
            3991.     1.212690E-6
            3992.     1.213247E-6
            3993.     1.213805E-6
            3994.     1.214362E-6
            3995.     1.214921E-6
            3996.     1.215478E-6
            3997.     1.216036E-6
            3998.     1.216595E-6
            3999.     1.217153E-6
            4000.     1.217711E-6
            4001.     1.156780E-6
            4002.     1.095853E-6
            4003.     1.034931E-6
            4004.     9.740140E-7
            4005.     9.131166E-7
            4006.     8.521944E-7
            4007.     7.912917E-7
            4008.     7.303788E-7
            4009.     6.695006E-7
            4010.     6.086127E-7
            4011.     6.085857E-7
            4012.     6.085587E-7
            4013.     6.085316E-7
            4014.     6.085044E-7
            4015.     6.084773E-7
            4016.     6.084502E-7
            4017.     6.084230E-7
            4018.     6.083959E-7
            4019.     6.083684E-7
            4020.     6.083412E-7
            4021.     6.083112E-7
            4022.     6.082813E-7
            4023.     6.082512E-7
            4024.     6.082212E-7
            4025.     6.081912E-7
            4026.     6.081611E-7
            4027.     6.081309E-7
            4028.     6.081009E-7
            4029.     6.080704E-7
            4030.     6.080404E-7
            4031.     5.471920E-7
            4032.     4.863799E-7
            4033.     4.255594E-7
            4034.     3.647307E-7
            4035.     3.039233E-7
            4036.     2.431374E-7
            4037.     1.823432E-7
            4038.     1.215556E-7
            4039.     6.077448E-8
            4040.              0.
