#  Table wf2f631nsys.tab  Mon 12:21:50 02-Jun-97

#      WAVELENGTH      THROUGHPUT
#       angstroms                

            6179     0.
            6180.     2.173945E-8
            6181.     2.174038E-8
            6182.     2.174132E-8
            6183.     2.174224E-8
            6184.     2.174318E-8
            6185.     2.174411E-8
            6186.     2.174504E-8
            6187.     2.174597E-8
            6188.     2.174690E-8
            6189.     2.174783E-8
            6190.     2.174876E-8
            6191.     2.174968E-8
            6192.     2.175060E-8
            6193.     2.175153E-8
            6194.     2.175246E-8
            6195.     2.175338E-8
            6196.     2.175431E-8
            6197.     2.175523E-8
            6198.     2.175616E-8
            6199.     2.175708E-8
            6200.     2.175801E-8
            6201.     2.175893E-8
            6202.     2.175985E-8
            6203.     2.176077E-8
            6204.     2.176169E-8
            6205.     2.176261E-8
            6206.     2.176353E-8
            6207.     2.176445E-8
            6208.     2.176537E-8
            6209.     2.176629E-8
            6210.     2.176721E-8
            6211.     2.176806E-8
            6212.     2.176891E-8
            6213.     2.176976E-8
            6214.     2.177060E-8
            6215.     2.177145E-8
            6216.     2.177231E-8
            6217.     2.177315E-8
            6218.     2.177400E-8
            6219.     2.177485E-8
            6220.     2.177569E-8
            6221.     2.177660E-8
            6222.     2.177751E-8
            6223.     2.177842E-8
            6224.     2.177934E-8
            6225.     2.178025E-8
            6226.     2.178116E-8
            6227.     2.178207E-8
            6228.     2.178297E-8
            6229.     2.178388E-8
            6230.     2.178479E-8
            6231.     2.178563E-8
            6232.     2.178646E-8
            6233.     2.178730E-8
            6234.     2.178814E-8
            6235.     2.178897E-8
            6236.     2.178981E-8
            6237.     2.179064E-8
            6238.     2.179148E-8
            6239.     2.179231E-8
            6240.     2.179315E-8
            6241.     2.179404E-8
            6242.     2.179494E-8
            6243.     2.179584E-8
            6244.     2.179674E-8
            6245.     2.179764E-8
            6246.     2.179854E-8
            6247.     2.179944E-8
            6248.     2.180034E-8
            6249.     2.180124E-8
            6250.     2.180214E-8
            6251.     7.285825E-6
            6252.     1.455040E-5
            6253.     1.455095E-5
            6254.     1.455151E-5
            6255.     1.455206E-5
            6256.     1.455261E-5
            6257.     2.909469E-5
            6258.     4.363788E-5
            6259.     5.090576E-5
            6260.     5.818485E-5
            6261.     7.998593E-5
            6262.     1.017992E-4
            6263.     1.308819E-4
            6264.     1.599525E-4
            6265.     2.035880E-4
            6266.     2.472336E-4
            6267.     3.345235E-4
            6268.     4.217979E-4
            6269.     5.599897E-4
            6270.     6.981909E-4
            6271.     9.673117E-4
            6272.     0.001236698
            6273.     0.001738125
            6274.     0.002240326
            6275.     0.003135109
            6276.     0.004029961
            6277.      0.00570326
            6278.     0.007376686
            6279.      0.01032482
            6280.      0.01327287
            6281.      0.01854815
            6282.      0.02382122
            6283.         0.03315
            6284.      0.04247943
            6285.      0.05607425
            6286.      0.06968331
            6287.      0.08488756
            6288.       0.1000929
            6289.       0.1099357
            6290.       0.1197791
            6291.       0.1229476
            6292.       0.1261179
            6293.       0.1264585
            6294.       0.1267976
            6295.       0.1271368
            6296.       0.1274759
            6297.       0.1278151
            6298.       0.1281546
            6299.       0.1288797
            6300.       0.1296045
            6301.       0.1300602
            6302.        0.130516
            6303.       0.1304403
            6304.       0.1303646
            6305.       0.1304272
            6306.       0.1304898
            6307.       0.1303267
            6308.       0.1301637
            6309.       0.1298113
            6310.       0.1294588
            6311.       0.1289167
            6312.       0.1283741
            6313.       0.1274166
            6314.        0.126459
            6315.        0.125363
            6316.       0.1242669
            6317.       0.1232577
            6318.       0.1222499
            6319.       0.1215684
            6320.       0.1208873
            6321.       0.1201187
            6322.       0.1193501
            6323.       0.1155724
            6324.       0.1117898
            6325.       0.1021245
            6326.      0.09245598
            6327.      0.07723733
            6328.      0.06201032
            6329.      0.04770785
            6330.      0.03340453
            6331.      0.02491569
            6332.      0.01642633
            6333.      0.01219987
            6334.     0.007973154
            6335.     0.006034716
            6336.     0.004097108
            6337.      0.00315649
            6338.     0.002215845
            6339.     0.001734825
            6340.     0.001253775
            6341.     9.986799E-4
            6342.     7.435710E-4
            6343.     5.977227E-4
            6344.     4.519696E-4
            6345.     3.718262E-4
            6346.     2.916394E-4
            6347.     2.333198E-4
            6348.     1.749971E-4
            6349.     1.385438E-4
            6350.     1.020816E-4
            6351.     8.749837E-5
            6352.     7.291792E-5
            6353.     6.563590E-5
            6354.     5.834992E-5
            6355.     4.377035E-5
            6356.     2.918290E-5
            6357.     2.188825E-5
            6358.     1.460033E-5
            6359.     1.460072E-5
            6360.     1.460111E-5
            6361.     7.311663E-6
            6362.     2.544034E-8
            6363.     2.188130E-8
            6364.     2.188181E-8
            6365.     2.188232E-8
            6366.     2.188283E-8
            6367.     2.188333E-8
            6368.     2.188384E-8
            6369.     2.188435E-8
            6370.     2.188486E-8
            6371.     2.188536E-8
            6372.     2.188587E-8
            6373.     2.188638E-8
            6374.     2.188689E-8
            6375.     2.188739E-8
            6376.     2.188790E-8
            6377.     2.188840E-8
            6378.     2.188891E-8
            6379.     2.188941E-8
            6380.     2.188992E-8
            6381.     2.189042E-8
            6382.     2.189092E-8
            6383.     2.189142E-8
            6384.     2.189192E-8
            6385.     2.189242E-8
            6386.     2.189293E-8
            6387.     2.189343E-8
            6388.     2.189393E-8
            6389.     2.189443E-8
            6390.     2.189493E-8
            6391.     2.189535E-8
            6392.     2.189579E-8
            6393.     2.189622E-8
            6394.     2.189664E-8
            6395.     2.189707E-8
            6396.     2.189750E-8
            6397.     2.189793E-8
            6398.     2.189836E-8
            6399.     2.189878E-8
            6400.     2.189921E-8
            6401.     2.189957E-8
            6402.     2.189993E-8
            6403.     2.190029E-8
            6404.     2.190065E-8
            6405.     2.190101E-8
            6406.     2.190137E-8
            6407.     2.190172E-8
            6408.     2.190208E-8
            6409.     2.190244E-8
            6410.     2.190280E-8
            6411.     2.190316E-8
            6412.     2.190351E-8
            6413.     2.190387E-8
            6414.     2.190423E-8
            6415.     2.190458E-8
            6416.     2.190494E-8
            6417.     2.190530E-8
            6418.     2.190566E-8
            6419.     2.190601E-8
            6420.     2.190636E-8
            6421.              0.
