#  Table wf3f469nsys.tab  Mon 12:22:18 02-Jun-97

#      WAVELENGTH      THROUGHPUT
#       angstroms                

            1949     0.
            1950.     7.973386E-9
            1951.     7.911849E-9
            1952.     7.849953E-9
            1953.     7.787695E-9
            1954.     7.725079E-9
            1955.     7.662103E-9
            1956.     7.598758E-9
            1957.     7.535069E-9
            1958.     7.471012E-9
            1959.     7.406603E-9
            1960.     7.341814E-9
            1961.     7.276800E-9
            1962.     7.211437E-9
            1963.     7.145701E-9
            1964.     7.079600E-9
            1965.     7.013133E-9
            1966.     6.946300E-9
            1967.     6.879100E-9
            1968.     6.811534E-9
            1969.     6.743603E-9
            1970.     6.675311E-9
            1971.     6.606803E-9
            1972.     6.537923E-9
            1973.     6.468687E-9
            1974.     6.399072E-9
            1975.     6.329084E-9
            1976.     6.258723E-9
            1977.     6.187998E-9
            1978.     6.116882E-9
            1979.     6.045400E-9
            1980.     5.973545E-9
            1981.     5.901411E-9
            1982.     5.828899E-9
            1983.     5.756009E-9
            1984.     5.682743E-9
            1985.     5.609088E-9
            1986.     5.535074E-9
            1987.     5.460673E-9
            1988.     5.385902E-9
            1989.     5.310732E-9
            1990.     5.235186E-9
            1991.     5.159351E-9
            1992.     5.083126E-9
            1993.     5.006517E-9
            1994.     4.929527E-9
            1995.     4.852153E-9
            1996.     4.774396E-9
            1997.     4.696255E-9
            1998.     4.617732E-9
            1999.     4.538824E-9
            2000.     4.459533E-9
            2001.     4.381604E-9
            2002.     4.303245E-9
            2003.     4.224419E-9
            2004.     4.145164E-9
            2005.     4.065449E-9
            2006.     3.985293E-9
            2007.     3.904666E-9
            2008.     3.823586E-9
            2009.     3.742074E-9
            2010.     3.660097E-9
            2011.     3.577701E-9
            2012.     3.494848E-9
            2013.     3.411537E-9
            2014.     3.327757E-9
            2015.     3.243538E-9
            2016.     3.158848E-9
            2017.     3.073708E-9
            2018.     2.988085E-9
            2019.     2.901999E-9
            2020.     2.815472E-9
            2021.     2.728454E-9
            2022.     2.640983E-9
            2023.     2.553026E-9
            2024.     2.464614E-9
            2025.     2.375736E-9
            2026.     2.286391E-9
            2027.     2.196578E-9
            2028.     2.106297E-9
            2029.     2.015546E-9
            2030.     1.924314E-9
            2031.     1.832625E-9
            2032.     1.740453E-9
            2033.     1.647822E-9
            2034.     1.554696E-9
            2035.     1.461119E-9
            2036.     1.367045E-9
            2037.     1.272509E-9
            2038.     1.177497E-9
            2039.     1.082009E-9
            2040.    9.860444E-10
            2041.    8.895911E-10
            2042.    7.926617E-10
            2043.    6.952556E-10
            2044.    5.973719E-10
            2045.    4.990101E-10
            2046.    4.001571E-10
            2047.    3.008485E-10
            2048.    2.010472E-10
            2049.    1.007646E-10
            2050.              0.
            4451.    5.520536E-10
            4452.     1.104317E-9
            4453.     1.656789E-9
            4454.     2.209475E-9
            4455.     2.762367E-9
            4456.     3.315468E-9
            4457.     3.868779E-9
            4458.     4.422299E-9
            4459.     4.976029E-9
            4460.     5.529972E-9
            4461.     6.084121E-9
            4462.     6.638480E-9
            4463.     7.193046E-9
            4464.     7.747823E-9
            4465.     8.303081E-9
            4466.     8.858009E-9
            4467.     9.413414E-9
            4468.     9.969029E-9
            4469.     1.052485E-8
            4470.     1.108061E-8
            4471.     1.163686E-8
            4472.     1.219358E-8
            4473.     1.275024E-8
            4474.     1.330711E-8
            4475.     1.386419E-8
            4476.     1.442148E-8
            4477.     1.497898E-8
            4478.     1.553668E-8
            4479.     1.609460E-8
            4480.     1.665273E-8
            4481.     1.721106E-8
            4482.     1.776960E-8
            4483.     1.832835E-8
            4484.     1.888731E-8
            4485.     1.944649E-8
            4486.     2.000587E-8
            4487.     2.056573E-8
            4488.     2.112526E-8
            4489.     2.168526E-8
            4490.     2.224548E-8
            4491.     2.280590E-8
            4492.     2.336653E-8
            4493.     2.392709E-8
            4494.     2.448842E-8
            4495.     2.504968E-8
            4496.     2.561115E-8
            4497.     2.617255E-8
            4498.     2.673470E-8
            4499.     2.729680E-8
            4500.     2.785910E-8
            4501.     2.844416E-8
            4502.     2.903033E-8
            4503.     2.961759E-8
            4504.     3.020593E-8
            4505.     3.079538E-8
            4506.     3.138593E-8
            4507.     3.197757E-8
            4508.     3.257031E-8
            4509.     3.316413E-8
            4510.     3.375935E-8
            4511.     3.435498E-8
            4512.     3.495199E-8
            4513.     3.555010E-8
            4514.     3.614930E-8
            4515.     3.674959E-8
            4516.     3.735068E-8
            4517.     3.795346E-8
            4518.     3.855704E-8
            4519.     3.916170E-8
            4520.     3.976746E-8
            4521.     4.037442E-8
            4522.     4.098247E-8
            4523.     4.159163E-8
            4524.     4.220188E-8
            4525.     4.281323E-8
            4526.     4.342567E-8
            4527.     4.403921E-8
            4528.     4.465386E-8
            4529.     4.526959E-8
            4530.     4.588643E-8
            4531.     4.650423E-8
            4532.     4.712341E-8
            4533.     4.774309E-8
            4534.     4.836418E-8
            4535.     4.898635E-8
            4536.     4.960962E-8
            4537.     5.023398E-8
            4538.     5.085914E-8
            4539.     5.148599E-8
            4540.     5.211364E-8
            4541.     5.274237E-8
            4542.     5.337188E-8
            4543.     5.400313E-8
            4544.     5.463513E-8
            4545.     5.526824E-8
            4546.     5.590246E-8
            4547.     5.653775E-8
            4548.     5.717417E-8
            4549.     5.781164E-8
            4550.     5.845023E-8
            4551.     6.194652E-8
            4552.     6.544923E-8
            4553.     6.895842E-8
            4554.     7.247402E-8
            4555.     7.599783E-8
            4556.     7.952465E-8
            4557.     8.305964E-8
            4558.     8.660278E-8
            4559.     9.014897E-8
            4560.     9.370332E-8
            4561.     9.726211E-8
            4562.     1.008308E-7
            4563.     1.044042E-7
            4564.     1.079823E-7
            4565.     1.115703E-7
            4566.     1.151630E-7
            4567.     1.187621E-7
            4568.     1.223677E-7
            4569.     1.259797E-7
            4570.     1.295981E-7
            4571.     1.332230E-7
            4572.     1.368543E-7
            4573.     1.404921E-7
            4574.     1.441362E-7
            4575.     1.477868E-7
            4576.     1.514439E-7
            4577.     1.551092E-7
            4578.     1.587774E-7
            4579.     1.624537E-7
            4580.     1.661366E-7
            4581.     1.698259E-7
            4582.     1.735216E-7
            4583.     1.772237E-7
            4584.     1.809323E-7
            4585.     1.846473E-7
            4586.     1.883689E-7
            4587.     1.920950E-7
            4588.     1.958312E-7
            4589.     1.995720E-7
            4590.     2.033193E-7
            4591.     2.070730E-7
            4592.     2.108331E-7
            4593.     2.145998E-7
            4594.     2.183728E-7
            4595.     2.221523E-7
            4596.     2.259382E-7
            4597.     2.297307E-7
            4598.     2.335295E-7
            4599.     2.373348E-7
            4600.     2.411466E-7
            4601.     2.449648E-7
            4602.     2.487894E-7
            4603.     2.526224E-7
            4604.     2.564599E-7
            4605.     2.603021E-7
            4606.     2.641506E-7
            4607.     2.680094E-7
            4608.     2.718729E-7
            4609.     2.757407E-7
            4610.     2.796189E-7
            4611.     2.835016E-7
            4612.     2.873908E-7
            4613.     2.912865E-7
            4614.     2.951885E-7
            4615.     2.990971E-7
            4616.     3.030122E-7
            4617.     3.069336E-7
            4618.     3.108615E-7
            4619.     3.147959E-7
            4620.     3.187369E-7
            4621.     3.226831E-7
            4622.     3.266378E-7
            4623.     3.305951E-7
            4624.     3.345607E-7
            4625.     3.385327E-7
            4626.     3.425132E-7
            4627.     3.464961E-7
            4628.     3.504876E-7
            4629.     3.544853E-7
            4630.     3.584896E-7
            4631.     3.625014E-7
            4632.     3.665176E-7
            4633.     3.705443E-7
            4634.     3.745755E-7
            4635.     3.786132E-7
            4636.     3.826573E-7
            4637.     3.867078E-7
            4638.     3.907649E-7
            4639.     3.948284E-7
            4640.     3.988984E-7
            4641.     4.029749E-7
            4642.     4.070577E-7
            4643.     4.111471E-7
            4644.     4.152429E-7
            4645.     4.193452E-7
            4646.     4.234541E-7
            4647.     4.275693E-7
            4648.     4.316930E-7
            4649.     4.358213E-7
            4650.     4.399539E-7
            4651.     4.440950E-7
            4652.     4.482425E-7
            4653.     5.479651E-6
            4654.     1.051721E-5
            4655.     1.569671E-5
            4656.     2.088258E-5
            4657.     3.221879E-5
            4658.     4.357432E-5
            4659.     6.338801E-5
            4660.     8.323542E-5
            4661.     1.226683E-4
            4662.     1.621679E-4
            4663.     2.401289E-4
            4664.     3.182217E-4
            4665.     4.547511E-4
            4666.     5.915107E-4
            4667.     8.308441E-4
            4668.      0.00107058
            4669.     0.001506332
            4670.     0.001942816
            4671.     0.002709372
            4672.     0.003476468
            4673.     0.004840795
            4674.     0.006207416
            4675.     0.008556513
            4676.       0.0109084
            4677.      0.01445213
            4678.      0.01800411
            4679.      0.02224591
            4680.       0.0264948
            4681.      0.02967256
            4682.      0.03285561
            4683.      0.03446203
            4684.      0.03607111
            4685.       0.0365223
            4686.      0.03697421
            4687.       0.0370512
            4688.      0.03712828
            4689.      0.03706669
            4690.      0.03700496
            4691.      0.03694693
            4692.      0.03688875
            4693.      0.03696602
            4694.      0.03704328
            4695.      0.03726508
            4696.      0.03748719
            4697.       0.0376638
            4698.       0.0378405
            4699.      0.03779272
            4700.      0.03774479
            4701.      0.03729117
            4702.      0.03683676
            4703.      0.03611492
            4704.      0.03539113
            4705.      0.03440136
            4706.      0.03340993
            4707.      0.03187035
            4708.      0.03032821
            4709.      0.02729351
            4710.      0.02425381
            4711.      0.01991607
            4712.      0.01557123
            4713.      0.01166738
            4714.     0.007757154
            4715.     0.005596197
            4716.     0.003431246
            4717.     0.002461904
            4718.     0.001490511
            4719.     0.001090037
            4720.     6.893038E-4
            4721.     5.169054E-4
            4722.     3.440577E-4
            4723.     2.617338E-4
            4724.     1.792762E-4
            4725.     1.399581E-4
            4726.     1.005762E-4
            4727.     7.772505E-5
            4728.     5.483682E-5
            4729.     4.273078E-5
            4730.     3.060516E-5
            4731.     2.454480E-5
            4732.     1.847468E-5
            4733.     1.047738E-5
            4734.     2.467240E-6
            4735.     1.303197E-6
            4736.     1.372883E-7
            4737.     1.361928E-7
            4738.     1.350948E-7
            4739.     1.339960E-7
            4740.     1.328946E-7
            4741.     1.317918E-7
            4742.     1.306865E-7
            4743.     1.295804E-7
            4744.     1.284717E-7
            4745.     1.273612E-7
            4746.     1.262487E-7
            4747.     1.251343E-7
            4748.     1.240186E-7
            4749.     1.228998E-7
            4750.     1.217796E-7
            4751.     1.206571E-7
            4752.     1.195327E-7
            4753.     1.184063E-7
            4754.     1.172781E-7
            4755.     1.161479E-7
            4756.     1.150158E-7
            4757.     1.138818E-7
            4758.     1.127459E-7
            4759.     1.116080E-7
            4760.     1.104682E-7
            4761.     1.093262E-7
            4762.     1.081835E-7
            4763.     1.070383E-7
            4764.     1.058905E-7
            4765.     1.047414E-7
            4766.     1.035909E-7
            4767.     1.024380E-7
            4768.     1.012831E-7
            4769.     1.001263E-7
            4770.     9.896805E-8
            4771.     9.780739E-8
            4772.     9.664419E-8
            4773.     9.547966E-8
            4774.     9.431319E-8
            4775.     9.314479E-8
            4776.     9.197448E-8
            4777.     9.080220E-8
            4778.     8.962799E-8
            4779.     8.845187E-8
            4780.     8.727380E-8
            4781.     8.609355E-8
            4782.     8.491136E-8
            4783.     8.372666E-8
            4784.     8.254121E-8
            4785.     8.135325E-8
            4786.     8.016337E-8
            4787.     7.897096E-8
            4788.     7.777781E-8
            4789.     7.658214E-8
            4790.     7.538456E-8
            4791.     7.418527E-8
            4792.     7.298403E-8
            4793.     7.178144E-8
            4794.     7.057575E-8
            4795.     6.936872E-8
            4796.     6.815976E-8
            4797.     6.694944E-8
            4798.     6.573601E-8
            4799.     6.452125E-8
            4800.     6.330455E-8
            4801.     6.208590E-8
            4802.     6.086533E-8
            4803.     5.964282E-8
            4804.     5.841836E-8
            4805.     5.719199E-8
            4806.     5.596367E-8
            4807.     5.473341E-8
            4808.     5.350122E-8
            4809.     5.226650E-8
            4810.     5.103044E-8
            4811.     4.979290E-8
            4812.     4.855283E-8
            4813.     4.731084E-8
            4814.     4.606690E-8
            4815.     4.482165E-8
            4816.     4.357387E-8
            4817.     4.232354E-8
            4818.     4.107190E-8
            4819.     3.981833E-8
            4820.     3.856283E-8
            4821.     3.730551E-8
            4822.     3.604625E-8
            4823.     3.478505E-8
            4824.     3.352191E-8
            4825.     3.225684E-8
            4826.     3.098983E-8
            4827.     2.972089E-8
            4828.     2.844938E-8
            4829.     2.717718E-8
            4830.     2.590242E-8
            4831.     2.462572E-8
            4832.     2.334646E-8
            4833.     2.206650E-8
            4834.     2.078398E-8
            4835.     1.949953E-8
            4836.     1.821314E-8
            4837.     1.692480E-8
            4838.     1.563517E-8
            4839.     1.434232E-8
            4840.     1.304818E-8
            4841.     1.175209E-8
            4842.     1.045469E-8
            4843.     9.154094E-9
            4844.     7.852187E-9
            4845.     6.548340E-9
            4846.     5.242554E-9
            4847.     3.934826E-9
            4848.     2.625158E-9
            4849.     1.313549E-9
            4850.              0.
            5651.     1.242689E-9
            5652.     2.486020E-9
            5653.     3.729994E-9
            5654.     4.974617E-9
            5655.     6.219874E-9
            5656.     7.465776E-9
            5657.     8.712317E-9
            5658.     9.959503E-9
            5659.     1.120733E-8
            5660.     1.245641E-8
            5661.     1.370552E-8
            5662.     1.495465E-8
            5663.     1.620504E-8
            5664.     1.745607E-8
            5665.     1.870775E-8
            5666.     1.995945E-8
            5667.     2.121302E-8
            5668.     2.246661E-8
            5669.     2.372084E-8
            5670.     2.497571E-8
            5671.     2.623114E-8
            5672.     2.748721E-8
            5673.     2.874390E-8
            5674.     3.000122E-8
            5675.     3.125918E-8
            5676.     3.251777E-8
            5677.     3.377698E-8
            5678.     3.503683E-8
            5679.     3.629794E-8
            5680.     3.755843E-8
            5681.     3.882018E-8
            5682.     4.008255E-8
            5683.     4.134617E-8
            5684.     4.260919E-8
            5685.     4.387347E-8
            5686.     4.513836E-8
            5687.     4.640389E-8
            5688.     4.767005E-8
            5689.     4.893621E-8
            5690.     5.020425E-8
            5691.     5.147229E-8
            5692.     5.274095E-8
            5693.     5.401024E-8
            5694.     5.528016E-8
            5695.     5.655070E-8
            5696.     5.782189E-8
            5697.     5.909369E-8
            5698.     6.036613E-8
            5699.     6.163918E-8
            5700.     6.291287E-8
            5701.     6.418718E-8
            5702.     6.546215E-8
            5703.     6.673771E-8
            5704.     6.801390E-8
            5705.     6.929135E-8
            5706.     7.056820E-8
            5707.     7.184628E-8
            5708.     7.312499E-8
            5709.     7.440433E-8
            5710.     7.568429E-8
            5711.     7.696424E-8
            5712.     7.824608E-8
            5713.     7.952791E-8
            5714.     8.081037E-8
            5715.     8.209282E-8
            5716.     8.337717E-8
            5717.     8.466150E-8
            5718.     8.594646E-8
            5719.     8.723205E-8
            5720.     8.851826E-8
            5721.     8.980508E-8
            5722.     9.109252E-8
            5723.     9.238060E-8
            5724.     9.366926E-8
            5725.     9.495859E-8
            5726.     9.624852E-8
            5727.     9.753907E-8
            5728.     9.883088E-8
            5729.     1.001221E-7
            5730.     1.014145E-7
            5731.     1.027082E-7
            5732.     1.040012E-7
            5733.     1.052955E-7
            5734.     1.065898E-7
            5735.     1.078860E-7
            5736.     1.091822E-7
            5737.     1.104789E-7
            5738.     1.117757E-7
            5739.     1.130744E-7
            5740.     1.143730E-7
            5741.     1.156720E-7
            5742.     1.169715E-7
            5743.     1.182716E-7
            5744.     1.195724E-7
            5745.     1.208737E-7
            5746.     1.221757E-7
            5747.     1.234783E-7
            5748.     1.247815E-7
            5749.     1.260853E-7
            5750.     1.273892E-7
            5751.     1.261467E-7
            5752.     1.249031E-7
            5753.     1.236589E-7
            5754.     1.224139E-7
            5755.     1.211678E-7
            5756.     1.199222E-7
            5757.     1.186755E-7
            5758.     1.174280E-7
            5759.     1.161800E-7
            5760.     1.149320E-7
            5761.     1.136820E-7
            5762.     1.124321E-7
            5763.     1.111816E-7
            5764.     1.099304E-7
            5765.     1.086786E-7
            5766.     1.074262E-7
            5767.     1.061732E-7
            5768.     1.049195E-7
            5769.     1.036652E-7
            5770.     1.024103E-7
            5771.     1.011544E-7
            5772.     9.989785E-8
            5773.     9.864014E-8
            5774.     9.738301E-8
            5775.     9.612467E-8
            5776.     9.486509E-8
            5777.     9.360549E-8
            5778.     9.234594E-8
            5779.     9.108572E-8
            5780.     8.982367E-8
            5781.     8.856187E-8
            5782.     8.729947E-8
            5783.     8.603703E-8
            5784.     8.477276E-8
            5785.     8.350846E-8
            5786.     8.224357E-8
            5787.     8.097803E-8
            5788.     7.971187E-8
            5789.     7.844508E-8
            5790.     7.717770E-8
            5791.     7.590943E-8
            5792.     7.464055E-8
            5793.     7.337107E-8
            5794.     7.210096E-8
            5795.     7.082964E-8
            5796.     6.955893E-8
            5797.     6.828698E-8
            5798.     6.701443E-8
            5799.     6.574065E-8
            5800.     6.446749E-8
            5801.     6.319329E-8
            5802.     6.191845E-8
            5803.     6.064300E-8
            5804.     5.936694E-8
            5805.     5.809087E-8
            5806.     5.681294E-8
            5807.     5.553501E-8
            5808.     5.425647E-8
            5809.     5.297792E-8
            5810.     5.169752E-8
            5811.     5.041695E-8
            5812.     4.913577E-8
            5813.     4.785399E-8
            5814.     4.657158E-8
            5815.     4.528857E-8
            5816.     4.400495E-8
            5817.     4.272072E-8
            5818.     4.143589E-8
            5819.     4.015043E-8
            5820.     3.886437E-8
            5821.     3.757782E-8
            5822.     3.629001E-8
            5823.     3.500286E-8
            5824.     3.371445E-8
            5825.     3.242543E-8
            5826.     3.113579E-8
            5827.     2.984617E-8
            5828.     2.855530E-8
            5829.     2.726318E-8
            5830.     2.597108E-8
            5831.     2.467828E-8
            5832.     2.338488E-8
            5833.     2.209087E-8
            5834.     2.079626E-8
            5835.     1.950104E-8
            5836.     1.820521E-8
            5837.     1.690877E-8
            5838.     1.561173E-8
            5839.     1.431408E-8
            5840.     1.301583E-8
            5841.     1.171701E-8
            5842.     1.041757E-8
            5843.     9.117518E-9
            5844.     7.816219E-9
            5845.     6.515577E-9
            5846.     5.213686E-9
            5847.     3.911183E-9
            5848.     2.608068E-9
            5849.     1.304340E-9
            5850.    6.370343E-13
            5851.              0.
            6151.     1.355051E-9
            6152.     2.710164E-9
            6153.     4.065340E-9
            6154.     5.420585E-9
            6155.     6.775883E-9
            6156.     8.131245E-9
            6157.     9.486666E-9
            6158.     1.084215E-8
            6159.     1.219770E-8
            6160.     1.355331E-8
            6161.     1.490898E-8
            6162.     1.626471E-8
            6163.     1.762050E-8
            6164.     1.897635E-8
            6165.     2.033227E-8
            6166.     2.168890E-8
            6167.     2.304495E-8
            6168.     2.440038E-8
            6169.     2.575654E-8
            6170.     2.711276E-8
            6171.     2.846904E-8
            6172.     2.982472E-8
            6173.     3.118178E-8
            6174.     3.253824E-8
            6175.     3.389476E-8
            6176.     3.525134E-8
            6177.     3.660797E-8
            6178.     3.796467E-8
            6179.     3.932144E-8
            6180.     4.067826E-8
            6181.     4.203513E-8
            6182.     4.339206E-8
            6183.     4.474904E-8
            6184.     4.610608E-8
            6185.     4.746387E-8
            6186.     4.882037E-8
            6187.     5.017759E-8
            6188.     5.153488E-8
            6189.     5.289289E-8
            6190.     5.424963E-8
            6191.     5.560708E-8
            6192.     5.696526E-8
            6193.     5.832217E-8
            6194.     5.967981E-8
            6195.     6.103682E-8
            6196.     6.239524E-8
            6197.     6.375305E-8
            6198.     6.511092E-8
            6199.     6.646817E-8
            6200.     6.782682E-8
            6201.     6.918485E-8
            6202.     7.054294E-8
            6203.     7.190108E-8
            6204.     7.325929E-8
            6205.     7.461756E-8
            6206.     7.597590E-8
            6207.     7.733427E-8
            6208.     7.869272E-8
            6209.     8.005121E-8
            6210.     8.140977E-8
            6211.     8.276879E-8
            6212.     8.412652E-8
            6213.     8.548497E-8
            6214.     8.684344E-8
            6215.     8.820265E-8
            6216.     8.956059E-8
            6217.     9.091858E-8
            6218.     9.227792E-8
            6219.     9.363666E-8
            6220.     9.499545E-8
            6221.     9.635392E-8
            6222.     9.771374E-8
            6223.     9.907298E-8
            6224.     1.004323E-7
            6225.     1.017916E-7
            6226.     1.031510E-7
            6227.     1.045105E-7
            6228.     1.058700E-7
            6229.     1.072296E-7
            6230.     1.085892E-7
            6231.     1.099485E-7
            6232.     1.113079E-7
            6233.     1.126673E-7
            6234.     1.140274E-7
            6235.     1.153863E-7
            6236.     1.167459E-7
            6237.     1.181061E-7
            6238.     1.194651E-7
            6239.     1.208248E-7
            6240.     1.221839E-7
            6241.     1.235447E-7
            6242.     1.249049E-7
            6243.     1.262652E-7
            6244.     1.276249E-7
            6245.     1.289859E-7
            6246.     1.303464E-7
            6247.     1.317069E-7
            6248.     1.330674E-7
            6249.     1.344280E-7
            6250.     1.357887E-7
            6251.     1.344332E-7
            6252.     1.330776E-7
            6253.     1.317213E-7
            6254.     1.303656E-7
            6255.     1.290105E-7
            6256.     1.276548E-7
            6257.     1.262989E-7
            6258.     1.249431E-7
            6259.     1.235871E-7
            6260.     1.222305E-7
            6261.     1.208747E-7
            6262.     1.195183E-7
            6263.     1.181618E-7
            6264.     1.168059E-7
            6265.     1.154494E-7
            6266.     1.140927E-7
            6267.     1.127354E-7
            6268.     1.113788E-7
            6269.     1.100220E-7
            6270.     1.086653E-7
            6271.     1.073088E-7
            6272.     1.059516E-7
            6273.     1.045963E-7
            6274.     1.032390E-7
            6275.     1.018823E-7
            6276.     1.005256E-7
            6277.     9.916877E-8
            6278.     9.781195E-8
            6279.     9.645441E-8
            6280.     9.509749E-8
            6281.     9.374025E-8
            6282.     9.238362E-8
            6283.     9.102631E-8
            6284.     8.966894E-8
            6285.     8.831221E-8
            6286.     8.695413E-8
            6287.     8.559665E-8
            6288.     8.423914E-8
            6289.     8.288159E-8
            6290.     8.152401E-8
            6291.     8.016703E-8
            6292.     7.880933E-8
            6293.     7.745094E-8
            6294.     7.609318E-8
            6295.     7.473539E-8
            6296.     7.337756E-8
            6297.     7.201967E-8
            6298.     7.066111E-8
            6299.     6.930318E-8
            6300.     6.794585E-8
            6301.     6.658781E-8
            6302.     6.522974E-8
            6303.     6.387163E-8
            6304.     6.251349E-8
            6305.     6.115466E-8
            6306.     5.979643E-8
            6307.     5.843885E-8
            6308.     5.708057E-8
            6309.     5.572291E-8
            6310.     5.436455E-8
            6311.     5.300599E-8
            6312.     5.164674E-8
            6313.     5.028814E-8
            6314.     4.892949E-8
            6315.     4.757082E-8
            6316.     4.621213E-8
            6317.     4.485274E-8
            6318.     4.349532E-8
            6319.     4.213587E-8
            6320.     4.077706E-8
            6321.     3.941821E-8
            6322.     3.805934E-8
            6323.     3.670045E-8
            6324.     3.534085E-8
            6325.     3.398191E-8
            6326.     3.262293E-8
            6327.     3.126459E-8
            6328.     2.990555E-8
            6329.     2.854649E-8
            6330.     2.718740E-8
            6331.     2.582828E-8
            6332.     2.446914E-8
            6333.     2.310996E-8
            6334.     2.175077E-8
            6335.     2.039154E-8
            6336.     1.903295E-8
            6337.     1.767368E-8
            6338.     1.631371E-8
            6339.     1.495438E-8
            6340.     1.359502E-8
            6341.     1.223560E-8
            6342.     1.087616E-8
            6343.     9.516034E-9
            6344.     8.156560E-9
            6345.     6.797729E-9
            6346.     5.438218E-9
            6347.     4.078690E-9
            6348.     2.719144E-9
            6349.     1.359581E-9
            6350.              0.
            7951.    7.415772E-10
            7952.     1.482418E-9
            7953.     2.222523E-9
            7954.     2.961896E-9
            7955.     3.700891E-9
            7956.     4.438788E-9
            7957.     5.175591E-9
            7958.     5.912019E-9
            7959.     6.647713E-9
            7960.     7.382678E-9
            7961.     8.116908E-9
            7962.     8.850764E-9
            7963.     9.583172E-9
            7964.     1.031520E-8
            7965.     1.104651E-8
            7966.     1.177672E-8
            7967.     1.250656E-8
            7968.     1.323567E-8
            7969.     1.396440E-8
            7970.     1.469204E-8
            7971.     1.541897E-8
            7972.     1.614516E-8
            7973.     1.687063E-8
            7974.     1.759571E-8
            7975.     1.831901E-8
            7976.     1.904264E-8
            7977.     1.976519E-8
            7978.     2.048701E-8
            7979.     2.120811E-8
            7980.     2.192847E-8
            7981.     2.264848E-8
            7982.     2.336741E-8
            7983.     2.408563E-8
            7984.     2.480276E-8
            7985.     2.551952E-8
            7986.     2.623555E-8
            7987.     2.695051E-8
            7988.     2.766545E-8
            7989.     2.837930E-8
            7990.     2.909244E-8
            7991.     2.980488E-8
            7992.     3.051659E-8
            7993.     3.122723E-8
            7994.     3.193749E-8
            7995.     3.264739E-8
            7996.     3.335620E-8
            7997.     3.406431E-8
            7998.     3.477169E-8
            7999.     3.547835E-8
            8000.     3.618463E-8
            8001.     3.688143E-8
            8002.     3.757823E-8
            8003.     3.827368E-8
            8004.     3.896810E-8
            8005.     3.966151E-8
            8006.     4.035390E-8
            8007.     4.104560E-8
            8008.     4.173596E-8
            8009.     4.242496E-8
            8010.     4.311328E-8
            8011.     4.380026E-8
            8012.     4.448656E-8
            8013.     4.517185E-8
            8014.     4.585646E-8
            8015.     4.653971E-8
            8016.     4.722196E-8
            8017.     4.790319E-8
            8018.     4.858341E-8
            8019.     4.926229E-8
            8020.     4.994049E-8
            8021.     5.061801E-8
            8022.     5.129420E-8
            8023.     5.196939E-8
            8024.     5.264356E-8
            8025.     5.331672E-8
            8026.     5.398919E-8
            8027.     5.466034E-8
            8028.     5.533015E-8
            8029.     5.599927E-8
            8030.     5.666740E-8
            8031.     5.733453E-8
            8032.     5.800065E-8
            8033.     5.866577E-8
            8034.     5.932990E-8
            8035.     5.999301E-8
            8036.     6.065511E-8
            8037.     6.131589E-8
            8038.     6.197599E-8
            8039.     6.263507E-8
            8040.     6.329349E-8
            8041.     6.395061E-8
            8042.     6.460673E-8
            8043.     6.526184E-8
            8044.     6.591595E-8
            8045.     6.656938E-8
            8046.     6.722085E-8
            8047.     6.787229E-8
            8048.     6.852240E-8
            8049.     6.917151E-8
            8050.     6.981963E-8
            8051.     7.046677E-8
            8052.     7.111323E-8
            8053.     7.175837E-8
            8054.     7.240254E-8
            8055.     7.304537E-8
            8056.     7.368755E-8
            8057.     7.432840E-8
            8058.     7.496859E-8
            8059.     7.560806E-8
            8060.     7.624627E-8
            8061.     7.688349E-8
            8062.     7.751971E-8
            8063.     7.815495E-8
            8064.     7.878889E-8
            8065.     7.942216E-8
            8066.     8.005475E-8
            8067.     8.068603E-8
            8068.     8.131629E-8
            8069.     8.194560E-8
            8070.     8.257391E-8
            8071.     8.320157E-8
            8072.     8.382793E-8
            8073.     8.445300E-8
            8074.     8.507739E-8
            8075.     8.570080E-8
            8076.     8.632323E-8
            8077.     8.694467E-8
            8078.     8.756510E-8
            8079.     8.818457E-8
            8080.     8.880304E-8
            8081.     8.942058E-8
            8082.     9.003682E-8
            8083.     9.065239E-8
            8084.     9.126699E-8
            8085.     9.188089E-8
            8086.     9.249351E-8
            8087.     9.310516E-8
            8088.     9.371583E-8
            8089.     9.432549E-8
            8090.     9.493449E-8
            8091.     9.554167E-8
            8092.     9.614872E-8
            8093.     9.675453E-8
            8094.     9.735935E-8
            8095.     9.796319E-8
            8096.     9.856608E-8
            8097.     9.916826E-8
            8098.     9.976918E-8
            8099.     1.003691E-7
            8100.     1.009678E-7
            8101.     1.015658E-7
            8102.     1.021629E-7
            8103.     1.027587E-7
            8104.     1.033541E-7
            8105.     1.039483E-7
            8106.     1.045414E-7
            8107.     1.051336E-7
            8108.     1.057249E-7
            8109.     1.063148E-7
            8110.     1.069041E-7
            8111.     1.074928E-7
            8112.     1.080802E-7
            8113.     1.086666E-7
            8114.     1.092520E-7
            8115.     1.098365E-7
            8116.     1.104203E-7
            8117.     1.110029E-7
            8118.     1.115842E-7
            8119.     1.121648E-7
            8120.     1.127445E-7
            8121.     1.133232E-7
            8122.     1.139010E-7
            8123.     1.144781E-7
            8124.     1.150537E-7
            8125.     1.156286E-7
            8126.     1.162025E-7
            8127.     1.167752E-7
            8128.     1.173471E-7
            8129.     1.179182E-7
            8130.     1.184886E-7
            8131.     1.190577E-7
            8132.     1.196259E-7
            8133.     1.201931E-7
            8134.     1.207594E-7
            8135.     1.213250E-7
            8136.     1.218888E-7
            8137.     1.224525E-7
            8138.     1.230150E-7
            8139.     1.235764E-7
            8140.     1.241370E-7
            8141.     1.246966E-7
            8142.     1.252556E-7
            8143.     1.258133E-7
            8144.     1.263701E-7
            8145.     1.269256E-7
            8146.     1.274805E-7
            8147.     1.280344E-7
            8148.     1.285871E-7
            8149.     1.291394E-7
            8150.     1.296904E-7
            8151.     1.289447E-7
            8152.     1.281999E-7
            8153.     1.274561E-7
            8154.     1.267137E-7
            8155.     1.259720E-7
            8156.     1.252308E-7
            8157.     1.244911E-7
            8158.     1.237523E-7
            8159.     1.230146E-7
            8160.     1.222779E-7
            8161.     1.215418E-7
            8162.     1.208071E-7
            8163.     1.200738E-7
            8164.     1.193411E-7
            8165.     1.186094E-7
            8166.     1.178787E-7
            8167.     1.171490E-7
            8168.     1.164200E-7
            8169.     1.156923E-7
            8170.     1.149660E-7
            8171.     1.142403E-7
            8172.     1.135160E-7
            8173.     1.127923E-7
            8174.     1.120697E-7
            8175.     1.113477E-7
            8176.     1.106270E-7
            8177.     1.099073E-7
            8178.     1.091886E-7
            8179.     1.084709E-7
            8180.     1.077539E-7
            8181.     1.070389E-7
            8182.     1.063239E-7
            8183.     1.056102E-7
            8184.     1.048975E-7
            8185.     1.041858E-7
            8186.     1.034751E-7
            8187.     1.027650E-7
            8188.     1.020563E-7
            8189.     1.013486E-7
            8190.     1.006421E-7
            8191.     9.993639E-8
            8192.     9.923167E-8
            8193.     9.852788E-8
            8194.     9.782512E-8
            8195.     9.712333E-8
            8196.     9.642254E-8
            8197.     9.572270E-8
            8198.     9.502388E-8
            8199.     9.432601E-8
            8200.     9.362916E-8
            8201.     9.293332E-8
            8202.     9.223845E-8
            8203.     9.154456E-8
            8204.     9.085167E-8
            8205.     9.015974E-8
            8206.     8.946881E-8
         8206.999     8.877953E-8
            8208.     8.808988E-8
            8209.     8.740187E-8
            8210.     8.671486E-8
            8211.     8.602884E-8
            8212.     8.534383E-8
            8213.     8.465977E-8
            8214.     8.397669E-8
            8215.     8.329459E-8
            8216.     8.261348E-8
            8217.     8.193332E-8
            8218.     8.125416E-8
            8219.     8.057595E-8
            8220.     7.989872E-8
            8221.     7.922251E-8
            8222.     7.854726E-8
            8223.     7.787299E-8
            8224.     7.719969E-8
            8225.     7.652736E-8
            8226.     7.585600E-8
            8227.     7.518560E-8
            8228.     7.451619E-8
            8229.     7.384774E-8
            8230.     7.318026E-8
            8231.     7.251379E-8
            8232.     7.184828E-8
            8233.     7.118373E-8
            8234.     7.052017E-8
            8235.     6.985757E-8
            8236.     6.919592E-8
            8237.     6.853525E-8
            8238.     6.787555E-8
            8239.     6.721680E-8
            8240.     6.655903E-8
            8241.     6.590223E-8
            8242.     6.524641E-8
            8243.     6.459155E-8
            8244.     6.393765E-8
            8245.     6.328472E-8
            8246.     6.263274E-8
            8247.     6.198173E-8
            8248.     6.133168E-8
            8249.     6.068258E-8
            8250.     6.003444E-8
            8251.     5.998717E-8
            8252.     5.993991E-8
            8253.     5.989267E-8
            8254.     5.984543E-8
            8255.     5.979821E-8
            8256.     5.975101E-8
            8257.     5.970382E-8
            8258.     5.965664E-8
            8259.     5.960947E-8
            8260.     5.956232E-8
            8261.     5.951521E-8
            8262.     5.946811E-8
            8263.     5.942103E-8
            8264.     5.937396E-8
            8265.     5.932690E-8
            8266.     5.927986E-8
            8267.     5.923282E-8
            8268.     5.918581E-8
            8269.     5.913881E-8
            8270.     5.909182E-8
            8271.     5.904488E-8
            8272.     5.899794E-8
            8273.     5.895102E-8
            8274.     5.890412E-8
            8275.     5.885722E-8
            8276.     5.881034E-8
            8277.     5.876348E-8
            8278.     5.871662E-8
            8279.     5.866978E-8
            8280.     5.862296E-8
            8281.     5.857617E-8
            8282.     5.852940E-8
            8283.     5.848264E-8
            8284.     5.843590E-8
            8285.     5.838916E-8
            8286.     5.834247E-8
            8287.     5.829576E-8
            8288.     5.824906E-8
            8289.     5.820238E-8
            8290.     5.815572E-8
            8291.     5.810909E-8
            8292.     5.806248E-8
            8293.     5.801587E-8
            8294.     5.796929E-8
            8295.     5.792272E-8
         8296.001     5.787611E-8
            8297.     5.782962E-8
            8298.     5.778309E-8
            8299.     5.773657E-8
            8300.     5.769007E-8
            8301.     5.764360E-8
            8302.     5.759716E-8
            8303.     5.755072E-8
            8304.     5.750431E-8
            8305.     5.745790E-8
            8306.     5.741151E-8
            8307.     5.736513E-8
            8308.     5.731877E-8
            8309.     5.727242E-8
            8310.     5.722608E-8
            8311.     5.717976E-8
            8312.     5.713349E-8
            8313.     5.708721E-8
            8314.     5.704095E-8
            8315.     5.699470E-8
            8316.     5.694847E-8
            8317.     5.690224E-8
            8318.     5.685605E-8
            8319.     5.680984E-8
            8320.     5.676367E-8
            8321.     5.671753E-8
            8322.     5.667141E-8
            8323.     5.662529E-8
            8324.     5.657920E-8
            8325.     5.653310E-8
            8326.     5.648704E-8
            8327.     5.644098E-8
            8328.     5.639493E-8
            8329.     5.634890E-8
            8330.     5.630289E-8
            8331.     5.625691E-8
            8332.     5.621095E-8
            8333.     5.616499E-8
            8334.     5.611907E-8
            8335.     5.607314E-8
            8336.     5.602724E-8
            8337.     5.598135E-8
            8338.     5.593547E-8
            8339.     5.588960E-8
            8340.     5.584374E-8
         8341.001     5.579789E-8
            8342.     5.575212E-8
            8343.     5.570634E-8
            8344.     5.566056E-8
            8345.     5.561480E-8
            8346.     5.556906E-8
            8347.     5.552332E-8
            8348.     5.547760E-8
            8349.     5.543189E-8
            8350.     5.538620E-8
            8351.     5.481505E-8
         8351.999     5.424479E-8
            8353.     5.367374E-8
            8354.     5.310358E-8
            8355.     5.253377E-8
            8356.     5.196428E-8
            8357.     5.139514E-8
            8358.     5.082633E-8
         8359.001     5.025730E-8
            8360.     4.968972E-8
            8361.     4.912193E-8
            8362.     4.855447E-8
            8363.     4.798735E-8
            8364.     4.742057E-8
         8365.001     4.685358E-8
            8366.     4.628804E-8
            8367.     4.572228E-8
            8368.     4.515687E-8
         8368.999     4.459234E-8
            8370.     4.402706E-8
         8370.999     4.346322E-8
            8372.     4.289863E-8
            8373.     4.233492E-8
            8374.     4.177157E-8
            8375.     4.120856E-8
            8376.     4.064589E-8
            8377.     4.008357E-8
            8378.     3.952159E-8
            8379.     3.895995E-8
            8380.     3.839867E-8
            8381.     3.783774E-8
            8382.     3.727716E-8
            8383.     3.671693E-8
         8384.001     3.615649E-8
            8385.     3.559750E-8
         8386.001     3.503777E-8
            8387.     3.447948E-8
            8388.     3.392100E-8
            8389.     3.336286E-8
         8389.999     3.280562E-8
            8391.     3.224765E-8
            8392.     3.169057E-8
            8393.     3.113385E-8
            8394.     3.057747E-8
            8395.     3.002146E-8
         8395.999     2.946634E-8
            8397.     2.891050E-8
            8398.     2.835554E-8
            8399.     2.780094E-8
            8400.     2.724671E-8
            8401.     2.669283E-8
            8402.     2.613931E-8
         8403.001     2.558560E-8
            8404.     2.503334E-8
            8405.     2.448089E-8
            8406.     2.392880E-8
            8407.     2.337707E-8
            8408.     2.282570E-8
            8409.     2.227469E-8
            8410.     2.172405E-8
         8411.001     2.117323E-8
            8412.     2.062384E-8
            8413.     2.007428E-8
            8414.     1.952509E-8
         8414.999     1.897679E-8
            8416.     1.842779E-8
            8417.     1.787969E-8
            8418.     1.733195E-8
            8419.     1.678458E-8
            8420.     1.623757E-8
            8421.     1.569093E-8
            8422.     1.514466E-8
         8422.999     1.459928E-8
            8424.     1.405322E-8
            8425.     1.350805E-8
            8426.     1.296325E-8
            8427.     1.241882E-8
            8428.     1.187476E-8
            8429.     1.133107E-8
         8430.001     1.078722E-8
            8431.     1.024480E-8
            8432.     9.702227E-9
            8433.     9.160024E-9
            8434.     8.618194E-9
            8435.     8.076738E-9
            8436.     7.535654E-9
            8437.     6.994946E-9
            8438.     6.454611E-9
            8439.     5.914651E-9
         8439.999     5.375594E-9
            8441.     4.835860E-9
         8441.999     4.297556E-9
            8443.     3.758576E-9
            8444.     3.220500E-9
            8445.     2.682802E-9
            8446.     2.145482E-9
            8447.     1.608542E-9
            8448.     1.071981E-9
            8449.    5.358003E-10
            8450.              0.
         8550.999    5.141971E-10
            8552.     1.028953E-9
            8553.     1.542757E-9
            8554.     2.056116E-9
            8555.     2.569023E-9
            8556.     3.081480E-9
         8556.999     3.592987E-9
            8558.     4.105043E-9
            8559.     4.616148E-9
            8560.     5.126804E-9
            8561.     5.637006E-9
            8562.     6.146754E-9
            8563.     6.656051E-9
         8564.001     7.165389E-9
            8565.     7.673278E-9
            8566.     8.181214E-9
            8567.     8.688689E-9
            8568.     9.195712E-9
            8569.     9.702275E-9
            8570.     1.020838E-8
            8571.     1.071403E-8
         8572.001     1.121972E-8
            8573.     1.172396E-8
            8574.     1.222824E-8
            8575.     1.273205E-8
         8575.999     1.323492E-8
            8577.     1.373831E-8
            8578.     1.424074E-8
            8579.     1.474271E-8
            8580.     1.524422E-8
            8581.     1.574527E-8
            8582.     1.624586E-8
         8583.001     1.674647E-8
         8583.999     1.724515E-8
            8585.     1.774483E-8
            8586.     1.824356E-8
            8587.     1.874182E-8
            8588.     1.923961E-8
            8589.     1.973694E-8
            8590.     2.023380E-8
         8591.001     2.073068E-8
            8592.     2.122612E-8
            8593.     2.172158E-8
            8594.     2.221656E-8
            8595.     2.271108E-8
            8596.     2.320512E-8
            8597.     2.369870E-8
            8598.     2.419181E-8
            8599.     2.468444E-8
            8600.     2.517659E-8
            8601.     2.566828E-8
            8602.     2.615949E-8
         8602.999     2.664975E-8
            8604.     2.714050E-8
            8605.     2.763029E-8
            8606.     2.811960E-8
            8607.     2.860844E-8
            8608.     2.909680E-8
            8609.     2.958469E-8
         8610.001     3.007257E-8
            8611.     3.055902E-8
            8612.     3.104547E-8
            8613.     3.153144E-8
            8614.     3.201693E-8
            8615.     3.250193E-8
         8616.001     3.298693E-8
            8617.     3.347050E-8
         8618.001     3.395454E-8
            8619.     3.443714E-8
         8619.999     3.491928E-8
            8621.     3.540186E-8
         8621.999     3.588302E-8
            8623.     3.636464E-8
            8624.     3.684529E-8
            8625.     3.732546E-8
            8626.     3.780515E-8
            8627.     3.828435E-8
         8627.999     3.876259E-8
            8629.     3.924129E-8
            8630.     3.971903E-8
            8631.     4.019628E-8
            8632.     4.067303E-8
            8633.     4.114931E-8
            8634.     4.162509E-8
         8635.001     4.210084E-8
            8636.     4.257517E-8
            8637.     4.304948E-8
            8638.     4.352329E-8
            8639.     4.399660E-8
            8640.     4.446943E-8
            8641.     4.494176E-8
            8642.     4.541360E-8
            8643.     4.588495E-8
            8644.     4.635579E-8
            8645.     4.682615E-8
            8646.     4.729600E-8
         8646.999     4.776490E-8
            8648.     4.823422E-8
            8649.     4.870257E-8
            8650.     4.917043E-8
            8651.     4.914541E-8
            8652.     4.912039E-8
            8653.     4.909533E-8
         8654.001     4.907025E-8
         8654.999     4.904522E-8
            8656.     4.902010E-8
            8657.     4.899498E-8
            8658.     4.896986E-8
            8659.     4.894470E-8
            8660.     4.891953E-8
            8661.     4.889435E-8
         8662.001     4.886914E-8
            8663.     4.884395E-8
            8664.     4.881871E-8
            8665.     4.879347E-8
         8665.999     4.876823E-8
            8667.     4.874292E-8
            8668.     4.871762E-8
            8669.     4.869231E-8
            8670.     4.866698E-8
            8671.     4.864164E-8
            8672.     4.861629E-8
            8673.     4.859091E-8
         8673.999     4.856554E-8
            8675.     4.854011E-8
            8676.     4.851469E-8
            8677.     4.848924E-8
            8678.     4.846378E-8
            8679.     4.843830E-8
            8680.     4.841281E-8
         8681.001     4.838729E-8
            8682.     4.836178E-8
            8683.     4.833624E-8
            8684.     4.831069E-8
            8685.     4.828510E-8
            8686.     4.825952E-8
         8687.001     4.823389E-8
            8688.     4.820828E-8
            8689.     4.818263E-8
            8690.     4.815697E-8
         8690.999     4.813133E-8
            8692.     4.810561E-8
         8692.999     4.807994E-8
            8694.     4.805418E-8
            8695.     4.802844E-8
            8696.     4.800269E-8
            8697.     4.797691E-8
            8698.     4.795112E-8
            8699.     4.792531E-8
            8700.     4.789949E-8
            8701.     4.787365E-8
            8702.     4.784779E-8
            8703.     4.782192E-8
            8704.     4.779603E-8
            8705.     4.777013E-8
         8706.001     4.774419E-8
            8707.     4.771826E-8
         8708.001     4.769229E-8
            8709.     4.766634E-8
            8710.     4.764035E-8
            8711.     4.761434E-8
         8711.999     4.758835E-8
            8713.     4.756229E-8
            8714.     4.753623E-8
            8715.     4.751015E-8
            8716.     4.748407E-8
            8717.     4.745795E-8
         8717.999     4.743186E-8
            8719.     4.740569E-8
            8720.     4.737953E-8
            8721.     4.735336E-8
            8722.     4.732717E-8
            8723.     4.730098E-8
            8724.     4.727475E-8
         8725.001     4.724848E-8
            8726.     4.722226E-8
            8727.     4.719598E-8
            8728.     4.716969E-8
            8729.     4.714338E-8
            8730.     4.711706E-8
            8731.     4.709073E-8
            8732.     4.706436E-8
         8733.001     4.703796E-8
            8734.     4.701161E-8
            8735.     4.698520E-8
            8736.     4.695879E-8
         8736.999     4.693236E-8
            8738.     4.690588E-8
            8739.     4.687941E-8
            8740.     4.685291E-8
            8741.     4.682641E-8
            8742.     4.679989E-8
            8743.     4.677335E-8
         8744.001     4.674677E-8
         8744.999     4.672024E-8
            8746.     4.669363E-8
            8747.     4.666703E-8
            8748.     4.664041E-8
            8749.     4.661376E-8
            8750.     4.658711E-8
            8751.     4.609483E-8
         8752.001     4.560259E-8
            8753.     4.511183E-8
            8754.     4.462111E-8
            8755.     4.413090E-8
            8756.     4.364122E-8
            8757.     4.315205E-8
            8758.     4.266341E-8
            8759.     4.217528E-8
            8760.     4.168767E-8
            8761.     4.120059E-8
            8762.     4.071403E-8
            8763.     4.022799E-8
         8763.999     3.974295E-8
            8765.     3.925748E-8
            8766.     3.877302E-8
            8767.     3.828907E-8
            8768.     3.780565E-8
            8769.     3.732275E-8
            8770.     3.684038E-8
         8771.001     3.635808E-8
            8772.     3.587723E-8
            8773.     3.539645E-8
            8774.     3.491619E-8
            8775.     3.443646E-8
            8776.     3.395726E-8
         8777.001     3.347812E-8
            8778.     3.300044E-8
         8779.001     3.252237E-8
            8780.     3.204575E-8
         8780.999     3.156967E-8
            8782.     3.109319E-8
         8782.999     3.061817E-8
            8784.     3.014275E-8
            8785.     2.966834E-8
            8786.     2.919446E-8
            8787.     2.872111E-8
            8788.     2.824829E-8
            8789.     2.777601E-8
            8790.     2.730427E-8
            8791.     2.683307E-8
            8792.     2.636240E-8
            8793.     2.589227E-8
            8794.     2.542268E-8
            8795.     2.495363E-8
         8796.001     2.448466E-8
            8797.     2.401714E-8
         8798.001     2.354925E-8
            8799.     2.308281E-8
            8800.     2.261646E-8
            8801.     2.215065E-8
            8802.     2.168538E-8
            8803.     2.122066E-8
            8804.     2.075647E-8
            8805.     2.029284E-8
            8806.     1.982974E-8
            8807.     1.936719E-8
         8807.999     1.890563E-8
            8809.     1.844372E-8
            8810.     1.798281E-8
            8811.     1.752244E-8
            8812.     1.706263E-8
            8813.     1.660336E-8
            8814.     1.614463E-8
         8815.001     1.568601E-8
            8816.     1.522883E-8
            8817.     1.477176E-8
            8818.     1.431523E-8
            8819.     1.385926E-8
            8820.     1.340383E-8
            8821.     1.294896E-8
            8822.     1.249464E-8
         8823.001     1.204043E-8
            8824.     1.158766E-8
            8825.     1.113500E-8
            8826.     1.068290E-8
         8826.999     1.023179E-8
            8828.     9.780355E-9
            8829.     9.329914E-9
            8830.     8.880032E-9
            8831.     8.430707E-9
            8832.     7.981940E-9
            8833.     7.533728E-9
            8834.     7.086076E-9
         8834.999     6.639420E-9
            8836.     6.192451E-9
            8837.     5.746476E-9
            8838.     5.301063E-9
            8839.     4.856209E-9
            8840.     4.411919E-9
            8841.     3.968190E-9
         8842.001     3.524591E-9
            8843.     3.082420E-9
            8844.     2.640379E-9
            8845.     2.198904E-9
            8846.     1.757992E-9
            8847.     1.317645E-9
         8848.001    8.774345E-10
            8849.    4.386485E-10
            8850.              0.
            8951.    4.088463E-10
            8952.    8.170762E-10
            8953.     1.224689E-9
            8954.     1.631687E-9
            8955.     2.038064E-9
            8956.     2.443823E-9
         8957.001     2.849359E-9
            8958.     3.253484E-9
         8959.001     3.657779E-9
            8960.     4.060667E-9
            8961.     4.463327E-9
            8962.     4.865365E-9
            8963.     5.266781E-9
            8964.     5.667574E-9
            8965.     6.067745E-9
            8966.     6.467296E-9
            8967.     6.866219E-9
            8968.     7.264518E-9
         8968.999     7.661805E-9
            8970.     8.059241E-9
            8971.     8.455666E-9
            8972.     8.851466E-9
            8973.     9.246637E-9
            8974.     9.641182E-9
            8975.     1.003510E-8
         8976.001     1.042877E-8
            8977.     1.082105E-8
            8978.     1.121308E-8
            8979.     1.160448E-8
            8980.     1.199525E-8
            8981.     1.238539E-8
            8982.     1.277490E-8
            8983.     1.316378E-8
         8984.001     1.355240E-8
            8985.     1.393964E-8
            8986.     1.432662E-8
            8987.     1.471297E-8
         8987.999     1.509830E-8
            8989.     1.548375E-8
            8990.     1.586820E-8
            8991.     1.625201E-8
            8992.     1.663518E-8
            8993.     1.701772E-8
            8994.     1.739961E-8
         8995.001     1.778125E-8
         8995.999     1.816113E-8
            8997.     1.854149E-8
            8998.     1.892083E-8
            8999.     1.929954E-8
            9000.     1.967761E-8
            9001.     2.005578E-8
            9002.     2.043333E-8
         9003.001     2.081064E-8
            9004.     2.118661E-8
            9005.     2.156233E-8
            9006.     2.193743E-8
            9007.     2.231193E-8
            9008.     2.268581E-8
         9009.001     2.305943E-8
            9010.     2.343171E-8
            9011.     2.380374E-8
            9012.     2.417516E-8
            9013.     2.454596E-8
            9014.     2.491614E-8
         9014.999     2.528535E-8
            9016.     2.565465E-8
            9017.     2.602298E-8
            9018.     2.639069E-8
            9019.     2.675777E-8
            9020.     2.712424E-8
            9021.     2.749010E-8
         9022.001     2.785569E-8
         9022.999     2.821958E-8
            9024.     2.858392E-8
            9025.     2.894728E-8
            9026.     2.931003E-8
            9027.     2.967214E-8
         9028.001     3.003399E-8
            9029.     3.039451E-8
         9030.001     3.075510E-8
            9031.     3.111437E-8
            9032.     3.147337E-8
            9033.     3.183173E-8
         9033.999     3.218913E-8
            9035.     3.254659E-8
            9036.     3.290308E-8
            9037.     3.325894E-8
            9038.     3.361417E-8
            9039.     3.396877E-8
         9039.999     3.432240E-8
            9041.     3.467608E-8
         9041.999     3.502846E-8
            9043.     3.538088E-8
            9044.     3.573233E-8
            9045.     3.608315E-8
            9046.     3.643333E-8
         9047.001     3.678323E-8
            9048.     3.713181E-8
            9049.     3.748009E-8
            9050.     3.782775E-8
            9051.     3.741884E-8
            9052.     3.701052E-8
            9053.     3.660281E-8
            9054.     3.619570E-8
         9055.001     3.578880E-8
            9056.     3.538331E-8
            9057.     3.497802E-8
            9058.     3.457334E-8
         9058.999     3.416965E-8
            9060.     3.376579E-8
            9061.     3.336293E-8
            9062.     3.296068E-8
            9063.     3.255904E-8
            9064.     3.215801E-8
            9065.     3.175758E-8
         9066.001     3.135737E-8
         9066.999     3.095895E-8
            9068.     3.055997E-8
            9069.     3.016198E-8
            9070.     2.976462E-8
            9071.     2.936786E-8
            9072.     2.897172E-8
            9073.     2.857618E-8
         9074.001     2.818088E-8
            9075.     2.778697E-8
            9076.     2.739328E-8
            9077.     2.700021E-8
            9078.     2.660776E-8
            9079.     2.621591E-8
            9080.     2.582469E-8
            9081.     2.543409E-8
            9082.     2.504410E-8
            9083.     2.465473E-8
            9084.     2.426598E-8
            9085.     2.387785E-8
         9085.999     2.349071E-8
            9087.     2.310344E-8
            9088.     2.271717E-8
            9089.     2.233152E-8
            9090.     2.194649E-8
            9091.     2.156208E-8
            9092.     2.117829E-8
         9093.001     2.079476E-8
         9093.999     2.041297E-8
            9095.     2.003068E-8
            9096.     1.964939E-8
            9097.     1.926872E-8
            9098.     1.888868E-8
         9099.001     1.850890E-8
            9100.     1.813048E-8
         9101.001     1.775195E-8
            9102.     1.737478E-8
         9102.999     1.699825E-8
            9104.     1.662160E-8
         9104.999     1.624631E-8
            9106.     1.587093E-8
            9107.     1.549654E-8
            9108.     1.512277E-8
            9109.     1.474964E-8
            9110.     1.437714E-8
            9111.     1.400527E-8
            9112.     1.363404E-8
         9112.999     1.326380E-8
            9114.     1.289346E-8
            9115.     1.252412E-8
            9116.     1.215542E-8
            9117.     1.178735E-8
         9118.001     1.141955E-8
            9119.     1.105311E-8
         9120.001     1.068659E-8
            9121.     1.032142E-8
            9122.     9.956527E-9
            9123.     9.592273E-9
            9124.     9.228655E-9
            9125.     8.865678E-9
            9126.     8.503338E-9
            9127.     8.141637E-9
            9128.     7.780575E-9
            9129.     7.420152E-9
         9129.999     7.060723E-9
            9131.     6.701232E-9
         9131.999     6.343084E-9
            9133.     5.984878E-9
            9134.     5.627665E-9
            9135.     5.271093E-9
            9136.     4.915166E-9
         9137.001     4.559535E-9
            9138.     4.205242E-9
            9139.     3.851248E-9
            9140.     3.497899E-9
            9141.     3.145195E-9
            9142.     2.793137E-9
            9143.     2.441727E-9
            9144.     2.090963E-9
         9145.001     1.740506E-9
            9146.     1.391380E-9
         9147.001     1.042220E-9
            9148.    6.943907E-10
         9148.999    3.472093E-10
            9150.              0.
            9251.    3.128660E-10
            9252.    6.250391E-10
            9253.    9.365185E-10
         9254.001     1.247607E-9
         9254.999     1.557094E-9
            9256.     1.866793E-9
            9257.     2.175494E-9
            9258.     2.483499E-9
            9259.     2.790808E-9
            9260.     3.097421E-9
            9261.     3.403336E-9
         9262.001     3.708851E-9
            9263.     4.013072E-9
         9263.999     4.316596E-9
            9265.     4.620013E-9
         9265.999     4.922142E-9
            9267.     5.224159E-9
            9268.     5.525180E-9
            9269.     5.825501E-9
            9270.     6.125120E-9
            9271.     6.424039E-9
            9272.     6.722258E-9
            9273.     7.019771E-9
         9273.999     7.316292E-9
            9275.     7.612689E-9
            9276.     7.908093E-9
            9277.     8.202790E-9
            9278.     8.496784E-9
            9279.     8.790072E-9
            9280.     9.082656E-9
         9281.001     9.374816E-9
            9282.     9.665701E-9
            9283.     9.956165E-9
            9284.     1.024592E-8
            9285.     1.053497E-8
            9286.     1.082331E-8
            9287.     1.111094E-8
            9288.     1.139786E-8
            9289.     1.168407E-8
            9290.     1.196956E-8
         9290.999     1.225408E-8
            9292.     1.253843E-8
         9292.999     1.282152E-8
            9294.     1.310445E-8
            9295.     1.338639E-8
            9296.     1.366762E-8
            9297.     1.394814E-8
            9298.     1.422794E-8
            9299.     1.450702E-8
            9300.     1.478539E-8
            9301.     1.506305E-8
            9302.     1.533999E-8
            9303.     1.561621E-8
            9304.     1.589172E-8
            9305.     1.616651E-8
         9306.001     1.644085E-8
            9307.     1.671394E-8
         9308.001     1.698684E-8
            9309.     1.725849E-8
         9309.999     1.752942E-8
            9311.     1.780016E-8
         9311.999     1.806965E-8
            9313.     1.833895E-8
            9314.     1.860727E-8
            9315.     1.887486E-8
            9316.     1.914173E-8
            9317.     1.940788E-8
         9317.999     1.967304E-8
            9319.     1.993800E-8
            9320.     2.020198E-8
            9321.     2.046523E-8
            9322.     2.072776E-8
            9323.     2.098956E-8
            9324.     2.125064E-8
         9325.001     2.151124E-8
            9326.     2.177061E-8
            9327.     2.202950E-8
            9328.     2.228767E-8
            9329.     2.254511E-8
            9330.     2.280182E-8
            9331.     2.305780E-8
            9332.     2.331306E-8
            9333.     2.356758E-8
            9334.     2.382137E-8
            9335.     2.407443E-8
            9336.     2.432676E-8
         9336.999     2.457811E-8
            9338.     2.482922E-8
            9339.     2.507935E-8
            9340.     2.532875E-8
            9341.     2.557742E-8
            9342.     2.582535E-8
            9343.     2.607255E-8
         9344.001     2.631925E-8
         9344.999     2.656450E-8
            9346.     2.680972E-8
            9347.     2.705398E-8
            9348.     2.729749E-8
            9349.     2.754027E-8
            9350.     2.778231E-8
            9351.     2.746870E-8
         9352.001     2.715547E-8
            9353.     2.684357E-8
            9354.     2.653208E-8
            9355.     2.622130E-8
         9355.999     2.591152E-8
            9357.     2.560185E-8
            9358.     2.529320E-8
            9359.     2.498526E-8
            9360.     2.467803E-8
            9361.     2.437151E-8
            9362.     2.406571E-8
            9363.     2.376061E-8
         9363.999     2.345653E-8
            9365.     2.315258E-8
            9366.     2.284962E-8
            9367.     2.254739E-8
            9368.     2.224587E-8
            9369.     2.194506E-8
            9370.     2.164498E-8
         9371.001     2.134532E-8
            9372.     2.104696E-8
            9373.     2.074902E-8
            9374.     2.045181E-8
            9375.     2.015531E-8
            9376.     1.985953E-8
         9377.001     1.956418E-8
            9378.     1.927013E-8
            9379.     1.897651E-8
            9380.     1.868361E-8
         9380.999     1.839173E-8
            9382.     1.809999E-8
         9382.999     1.780954E-8
            9384.     1.751925E-8
            9385.     1.722996E-8
            9386.     1.694140E-8
            9387.     1.665356E-8
            9388.     1.636645E-8
            9389.     1.608006E-8
            9390.     1.579440E-8
            9391.     1.550946E-8
            9392.     1.522526E-8
            9393.     1.494177E-8
            9394.     1.465902E-8
            9395.     1.437699E-8
         9396.001     1.409542E-8
            9397.     1.381512E-8
         9398.001     1.353501E-8
            9399.     1.325617E-8
            9400.     1.297779E-8
            9401.     1.270014E-8
         9401.999     1.242349E-8
            9403.     1.214703E-8
            9404.     1.187158E-8
            9405.     1.159686E-8
            9406.     1.132287E-8
            9407.     1.104961E-8
         9407.999     1.077735E-8
            9409.     1.050530E-8
            9410.     1.023424E-8
            9411.     9.963927E-9
            9412.     9.694347E-9
            9413.     9.425501E-9
            9414.     9.157392E-9
         9415.001     8.889758E-9
            9416.     8.623386E-9
            9417.     8.357488E-9
            9418.     8.092331E-9
            9419.     7.827912E-9
            9420.     7.564233E-9
            9421.     7.301293E-9
            9422.     7.039094E-9
         9423.001     6.777380E-9
            9424.     6.516918E-9
            9425.     6.256943E-9
            9426.     5.997710E-9
         9426.999     5.739472E-9
            9428.     5.481473E-9
            9429.     5.224469E-9
            9430.     4.968211E-9
            9431.     4.712696E-9
            9432.     4.457926E-9
            9433.     4.203902E-9
            9434.     3.950623E-9
         9434.999     3.698338E-9
            9436.     3.446307E-9
            9437.     3.195269E-9
            9438.     2.944979E-9
            9439.     2.695438E-9
            9440.     2.446645E-9
            9441.     2.198601E-9
         9442.001     1.951066E-9
            9443.     1.704763E-9
            9444.     1.458970E-9
            9445.     1.213928E-9
            9446.    9.696378E-10
            9447.    7.260991E-10
            9448.    4.833130E-10
            9449.    2.412798E-10
            9450.              0.
            9451.    2.405257E-10
         9451.999    4.800630E-10
            9453.    7.193136E-10
         9453.999    9.573439E-10
            9455.     1.195082E-9
            9456.     1.431831E-9
            9457.     1.667824E-9
            9458.     1.903060E-9
            9459.     2.137538E-9
            9460.     2.371259E-9
            9461.     2.604220E-9
            9462.     2.836423E-9
            9463.     3.067866E-9
            9464.     3.298550E-9
            9465.     3.528472E-9
            9466.     3.757636E-9
         9467.001     3.986259E-9
            9468.     4.213675E-9
         9469.001     4.440774E-9
            9470.     4.666665E-9
         9470.999     4.891798E-9
            9472.     5.116605E-9
         9472.999     5.340210E-9
            9474.     5.563485E-9
            9475.     5.785779E-9
            9476.     6.007307E-9
            9477.     6.228068E-9
            9478.     6.448063E-9
         9478.999     6.667079E-9
            9480.     6.885753E-9
            9481.     7.103447E-9
            9482.     7.320371E-9
            9483.     7.536527E-9
            9484.     7.751913E-9
            9485.     7.966532E-9
         9486.001     8.180586E-9
            9487.     8.393455E-9
            9488.     8.605760E-9
            9489.     8.817290E-9
            9490.     9.028053E-9
            9491.     9.238041E-9
            9492.     9.447258E-9
            9493.     9.655700E-9
            9494.     9.863368E-9
            9495.     1.007026E-8
            9496.     1.027638E-8
            9497.     1.048172E-8
         9497.999     1.068609E-8
            9499.     1.089008E-8
            9500.     1.109310E-8
            9501.     1.129888E-8
            9502.     1.150404E-8
            9503.     1.170857E-8
            9504.     1.191247E-8
         9505.001     1.211595E-8
         9505.999     1.231821E-8
            9507.     1.252044E-8
            9508.     1.272184E-8
            9509.     1.292262E-8
            9510.     1.312277E-8
            9511.     1.332230E-8
            9512.     1.352121E-8
         9513.001     1.371969E-8
            9514.     1.391716E-8
            9515.     1.411420E-8
            9516.     1.431061E-8
         9516.999     1.450621E-8
            9518.     1.470157E-8
            9519.     1.489612E-8
            9520.     1.509004E-8
            9521.     1.528334E-8
            9522.     1.547603E-8
            9523.     1.566809E-8
            9524.     1.585953E-8
         9524.999     1.605017E-8
            9526.     1.624055E-8
            9527.     1.643012E-8
            9528.     1.661908E-8
            9529.     1.680742E-8
            9530.     1.699514E-8
            9531.     1.718224E-8
         9532.001     1.736891E-8
            9533.     1.755459E-8
            9534.     1.773983E-8
            9535.     1.792446E-8
            9536.     1.810847E-8
            9537.     1.829186E-8
         9538.001     1.847481E-8
            9539.     1.865678E-8
            9540.     1.883832E-8
            9541.     1.901925E-8
         9541.999     1.919938E-8
            9543.     1.937925E-8
         9543.999     1.955815E-8
            9545.     1.973679E-8
            9546.     1.991463E-8
            9547.     2.009186E-8
            9548.     2.026847E-8
            9549.     2.044447E-8
            9550.     2.061985E-8
            9551.     2.038285E-8
            9552.     2.014648E-8
            9553.     1.991074E-8
            9554.     1.967562E-8
            9555.     1.944114E-8
            9556.     1.920728E-8
         9557.001     1.897383E-8
            9558.     1.874146E-8
         9559.001     1.850927E-8
            9560.     1.827815E-8
            9561.     1.804744E-8
            9562.     1.781736E-8
         9562.999     1.758813E-8
            9564.     1.735908E-8
            9565.     1.713088E-8
            9566.     1.690331E-8
            9567.     1.667636E-8
            9568.     1.645004E-8
         9568.999     1.622456E-8
            9570.     1.599927E-8
            9571.     1.577483E-8
            9572.     1.555102E-8
            9573.     1.532783E-8
            9574.     1.510526E-8
            9575.     1.488332E-8
         9576.001     1.466179E-8
            9577.     1.444132E-8
            9578.     1.422125E-8
            9579.     1.400180E-8
            9580.     1.378298E-8
            9581.     1.356478E-8
            9582.     1.334721E-8
            9583.     1.313026E-8
         9584.001     1.291372E-8
            9585.     1.269823E-8
            9586.     1.248314E-8
            9587.     1.226868E-8
         9587.999     1.205504E-8
            9589.     1.184161E-8
            9590.     1.162901E-8
            9591.     1.141704E-8
            9592.     1.120568E-8
            9593.     1.099494E-8
            9594.     1.078483E-8
         9595.001     1.057512E-8
         9595.999     1.036665E-8
            9597.     1.015819E-8
            9598.     9.950552E-9
            9599.     9.743530E-9
            9600.     9.537127E-9
            9601.     9.331345E-9
            9602.     9.126179E-9
         9603.001     8.921430E-9
            9604.     8.717700E-9
            9605.     8.514387E-9
            9606.     8.311691E-9
            9607.     8.109611E-9
            9608.     7.908146E-9
            9609.     7.707298E-9
            9610.     7.507067E-9
            9611.     7.307452E-9
            9612.     7.108454E-9
            9613.     6.910070E-9
            9614.     6.712301E-9
         9614.999     6.515338E-9
            9616.     6.318606E-9
            9617.     6.122679E-9
            9618.     5.927367E-9
            9619.     5.732668E-9
            9620.     5.538581E-9
            9621.     5.345111E-9
         9622.001     5.152064E-9
            9623.     4.960006E-9
            9624.     4.768371E-9
            9625.     4.577349E-9
            9626.     4.386940E-9
            9627.     4.197140E-9
         9628.001     4.007769E-9
            9629.     3.819377E-9
         9630.001     3.631229E-9
            9631.     3.444058E-9
         9631.999     3.257497E-9
            9633.     3.071182E-9
         9633.999     2.885838E-9
            9635.     2.700743E-9
            9636.     2.516438E-9
            9637.     2.332742E-9
            9638.     2.149655E-9
            9639.     1.967176E-9
         9639.999     1.785483E-9
            9641.     1.604043E-9
            9642.     1.423389E-9
            9643.     1.243342E-9
            9644.     1.063902E-9
            9645.    8.850689E-10
            9646.    7.068429E-10
         9647.001    5.290498E-10
            9648.    3.522095E-10
            9649.    1.758019E-10
            9650.              0.
           10051.    6.587842E-11
           10052.    1.313772E-10
           10053.    1.966886E-10
           10054.    2.615583E-10
           10055.    3.262397E-10
           10056.    3.905438E-10
           10057.    4.545340E-10
           10058.    5.182113E-10
           10059.    5.816373E-10
           10060.    6.446276E-10
           10061.    7.073677E-10
           10062.    7.697962E-10
           10063.    8.319135E-10
           10064.    8.937202E-10
           10065.    9.552164E-10
           10066.     1.016403E-9
           10067.     1.077339E-9
           10068.     1.137847E-9
           10069.     1.198106E-9
           10070.     1.258056E-9
           10071.     1.317642E-9
           10072.     1.377036E-9
           10073.     1.436007E-9
           10074.     1.494786E-9
           10075.     1.553202E-9
           10076.     1.611312E-9
           10077.     1.669117E-9
           10078.     1.726672E-9
           10079.     1.783756E-9
           10080.     1.840702E-9
           10081.     1.897290E-9
           10082.     1.953574E-9
           10083.     2.009556E-9
           10084.     2.065235E-9
           10085.     2.120612E-9
           10086.     2.175741E-9
           10087.     2.230461E-9
           10088.     2.284934E-9
           10089.     2.339106E-9
           10090.     2.392979E-9
           10091.     2.446553E-9
           10092.     2.499775E-9
           10093.     2.552803E-9
           10094.     2.605481E-9
           10095.     2.657860E-9
           10096.     2.709942E-9
           10097.     2.761727E-9
           10098.     2.813165E-9
           10099.     2.864406E-9
           10100.     2.915302E-9
           10101.     2.965903E-9
           10102.     3.016210E-9
           10103.     3.066222E-9
           10104.     3.115939E-9
           10105.     3.165410E-9
           10106.     3.214445E-9
           10107.     3.263329E-9
           10108.     3.311874E-9
           10109.     3.360126E-9
           10110.     3.408086E-9
           10111.     3.455757E-9
           10112.     3.503136E-9
           10113.     3.550271E-9
           10114.     3.597024E-9
           10115.     3.643487E-9
           10116.     3.689753E-9
           10117.     3.735638E-9
           10118.     3.781325E-9
           10119.     3.826679E-9
           10120.     3.871745E-9
           10121.     3.916527E-9
           10122.     3.961021E-9
           10123.     4.005229E-9
           10124.     4.049150E-9
           10125.     4.092744E-9
           10126.     4.136138E-9
           10127.     4.179204E-9
           10128.     4.221985E-9
           10129.     4.264483E-9
           10130.     4.306738E-9
           10131.     4.348630E-9
           10132.     4.390321E-9
           10133.     4.431649E-9
           10134.     4.472735E-9
           10135.     4.513539E-9
           10136.     4.554063E-9
           10137.     4.594306E-9
           10138.     4.634269E-9
           10139.     4.673951E-9
           10140.     4.713355E-9
           10141.     4.752481E-9
           10142.     4.791292E-9
           10143.     4.829900E-9
           10144.     4.868155E-9
           10145.     4.906207E-9
           10146.     4.943945E-9
           10147.     4.981407E-9
           10148.     5.018592E-9
           10149.     5.055538E-9
           10150.     5.092136E-9
           10151.     5.026944E-9
           10152.     4.962053E-9
           10153.     4.897463E-9
           10154.     4.833174E-9
           10155.     4.769185E-9
           10156.     4.705497E-9
           10157.     4.642046E-9
           10158.     4.579018E-9
           10159.     4.516167E-9
           10160.     4.453735E-9
           10161.     4.391603E-9
           10162.     4.329648E-9
           10163.     4.268109E-9
           10164.     4.206748E-9
           10165.     4.145744E-9
           10166.     4.085035E-9
           10167.     4.024621E-9
           10168.     3.964445E-9
           10169.     3.904738E-9
           10170.     3.845150E-9
           10171.     3.785917E-9
           10172.     3.726977E-9
           10173.     3.668329E-9
           10174.     3.609974E-9
           10175.     3.551911E-9
           10176.     3.494084E-9
           10177.     3.436661E-9
           10178.     3.379472E-9
           10179.     3.322574E-9
           10180.     3.265966E-9
           10181.     3.209650E-9
           10182.     3.153622E-9
           10183.     3.097884E-9
           10184.     3.042434E-9
           10185.     2.987271E-9
           10186.     2.932398E-9
           10187.     2.877810E-9
           10188.     2.823562E-9
           10189.     2.769496E-9
           10190.     2.715768E-9
           10191.     2.662327E-9
           10192.     2.609171E-9
           10193.     2.556300E-9
           10194.     2.503713E-9
           10195.     2.451359E-9
           10196.     2.399441E-9
           10197.     2.347654E-9
           10198.     2.296201E-9
           10199.     2.245029E-9
           10200.     2.194140E-9
           10201.     2.143533E-9
           10202.     2.093207E-9
           10203.     2.043113E-9
           10204.     1.993396E-9
           10205.     1.943911E-9
           10206.     1.894705E-9
           10207.     1.845825E-9
           10208.     1.797129E-9
           10209.     1.748759E-9
           10210.     1.700666E-9
           10211.     1.652852E-9
           10212.     1.605314E-9
           10213.     1.558052E-9
           10214.     1.511067E-9
           10215.     1.464403E-9
           10216.     1.417924E-9
           10217.     1.371765E-9
           10218.     1.325880E-9
           10219.     1.280269E-9
           10220.     1.234931E-9
           10221.     1.189868E-9
           10222.     1.145033E-9
           10223.     1.100558E-9
           10224.     1.056311E-9
           10225.     1.012336E-9
           10226.    9.686323E-10
           10227.    9.251990E-10
           10228.    8.819939E-10
           10229.    8.391428E-10
           10230.    7.965190E-10
           10231.    7.541647E-10
           10232.    7.121199E-10
           10233.    6.702614E-10
           10234.    6.287522E-10
           10235.    5.874294E-10
           10236.    5.464140E-10
           10237.    5.056651E-10
           10238.    4.651825E-10
           10239.    4.249656E-10
           10240.    3.850140E-10
           10241.    3.453274E-10
           10242.    3.059053E-10
           10243.    2.667473E-10
           10244.    2.278529E-10
           10245.    1.892217E-10
           10246.    1.508534E-10
           10247.    1.127104E-10
           10248.    7.490353E-11
           10249.    3.728461E-11
           10250.              0.
           10550.    7.750159E-15
           10551.    7.908735E-12
           10552.    1.577812E-11
           10553.    2.360823E-11
           10554.    3.139156E-11
           10555.    3.915088E-11
           10556.    4.685601E-11
           10557.    5.453714E-11
           10558.    6.217180E-11
           10559.    6.976755E-11
           10560.    7.732452E-11
           10561.    8.484268E-11
           10562.    9.232214E-11
           10563.    9.976296E-11
           10564.    1.071652E-10
           10565.    1.145289E-10
           10566.    1.218543E-10
           10567.    1.291412E-10
           10568.    1.363898E-10
           10569.    1.436072E-10
           10570.    1.507723E-10
           10571.    1.579133E-10
           10572.    1.650024E-10
           10573.    1.720604E-10
           10574.    1.790805E-10
           10575.    1.860559E-10
           10576.    1.930071E-10
           10577.    1.999138E-10
           10578.    2.067828E-10
           10579.    2.136143E-10
           10580.    2.204082E-10
           10581.    2.271580E-10
           10582.    2.338836E-10
           10583.    2.405653E-10
           10584.    2.472097E-10
           10585.    2.538169E-10
           10586.    2.603870E-10
           10587.    2.669200E-10
           10588.    2.734222E-10
           10589.    2.798749E-10
           10590.    2.862970E-10
           10591.    2.926824E-10
           10592.    2.990309E-10
           10593.    3.053427E-10
           10594.    3.116179E-10
           10595.    3.178565E-10
           10596.    3.240647E-10
           10597.    3.302244E-10
           10598.    3.363538E-10
           10599.    3.424467E-10
           10600.    3.484977E-10
           10601.    3.545241E-10
           10602.    3.605088E-10
           10603.    3.664571E-10
           10604.    3.723696E-10
           10605.    3.782462E-10
           10606.    3.840870E-10
           10607.    3.898976E-10
           10608.    3.956555E-10
           10609.    4.013946E-10
           10610.    4.070926E-10
           10611.    4.127551E-10
           10612.    4.183821E-10
           10613.    4.239736E-10
           10614.    4.295299E-10
           10615.    4.350561E-10
           10616.    4.405366E-10
           10617.    4.459872E-10
           10618.    4.514028E-10
           10619.    4.567833E-10
           10620.    4.621289E-10
           10621.    4.674398E-10
           10622.    4.727156E-10
           10623.    4.779569E-10
           10624.    4.831633E-10
           10625.    4.883353E-10
           10626.    4.934726E-10
           10627.    4.985705E-10
           10628.    5.036439E-10
           10629.    5.086780E-10
           10630.    5.136778E-10
           10631.    5.186434E-10
           10632.    5.235746E-10
           10633.    5.284719E-10
           10634.    5.333399E-10
           10635.    5.381644E-10
           10636.    5.429598E-10
           10637.    5.477213E-10
           10638.    5.524490E-10
           10639.    5.571429E-10
           10640.    5.618078E-10
           10641.    5.664301E-10
           10642.    5.710279E-10
           10643.    5.755834E-10
           10644.    5.801054E-10
           10645.    5.846029E-10
           10646.    5.890586E-10
           10647.    5.934896E-10
           10648.    5.978831E-10
           10649.    6.022437E-10
           10650.    6.065713E-10
           10651.    6.048177E-10
           10652.    6.030662E-10
           10653.    6.013170E-10
           10654.    5.995698E-10
           10655.    5.978250E-10
           10656.    5.960821E-10
           10657.    5.943415E-10
           10658.    5.926030E-10
           10659.    5.908650E-10
           10660.    5.891326E-10
           10661.    5.873990E-10
           10662.    5.856708E-10
           10663.    5.839432E-10
           10664.    5.822177E-10
           10665.    5.804943E-10
           10666.    5.787733E-10
           10667.    5.770542E-10
           10668.    5.753374E-10
           10669.    5.736228E-10
           10670.    5.719103E-10
           10671.    5.702016E-10
           10672.    5.684918E-10
           10673.    5.667857E-10
           10674.    5.650819E-10
           10675.    5.633803E-10
           10676.    5.616808E-10
           10677.    5.599834E-10
           10678.    5.582865E-10
           10679.    5.565969E-10
           10680.    5.549043E-10
           10681.    5.532156E-10
           10682.    5.515292E-10
           10683.    5.498447E-10
           10684.    5.481625E-10
           10685.    5.464825E-10
           10686.    5.448030E-10
           10687.    5.431289E-10
           10688.    5.414554E-10
           10689.    5.397839E-10
           10690.    5.381164E-10
           10691.    5.364477E-10
           10692.    5.347828E-10
           10693.    5.331201E-10
           10694.    5.314595E-10
           10695.    5.298011E-10
           10696.    5.281449E-10
           10697.    5.264909E-10
           10698.    5.248405E-10
           10699.    5.231892E-10
           10700.    5.215416E-10
           10701.    5.198962E-10
           10702.    5.182529E-10
           10703.    5.166119E-10
           10704.    5.149730E-10
           10705.    5.133347E-10
           10706.    5.117016E-10
           10707.    5.100693E-10
           10708.    5.084391E-10
           10709.    5.068109E-10
           10710.    5.051850E-10
           10711.    5.035597E-10
           10712.    5.019398E-10
           10713.    5.003205E-10
           10714.    4.987031E-10
           10715.    4.970896E-10
           10716.    4.954752E-10
           10717.    4.938659E-10
           10718.    4.922558E-10
           10719.    4.906494E-10
           10720.    4.890452E-10
           10721.    4.874430E-10
           10722.    4.858431E-10
           10723.    4.842455E-10
           10724.    4.826498E-10
           10725.    4.810564E-10
           10726.    4.794651E-10
           10727.    4.778760E-10
           10728.    4.762891E-10
           10729.    4.747043E-10
           10730.    4.731202E-10
           10731.    4.715413E-10
           10732.    4.699615E-10
           10733.    4.683869E-10
           10734.    4.668130E-10
           10735.    4.652413E-10
           10736.    4.636733E-10
           10737.    4.621043E-10
           10738.    4.605390E-10
           10739.    4.589759E-10
           10740.    4.574149E-10
           10741.    4.558562E-10
           10742.    4.543011E-10
           10743.    4.527452E-10
           10744.    4.511929E-10
           10745.    4.496428E-10
           10746.    4.480948E-10
           10747.    4.465491E-10
           10748.    4.450055E-10
           10749.    4.434625E-10
           10750.    4.419247E-10
           10751.    4.359837E-10
           10752.    4.300756E-10
           10753.    4.242003E-10
           10754.    4.183578E-10
           10755.    4.125479E-10
           10756.    4.067705E-10
           10757.    4.010202E-10
           10758.    3.953135E-10
           10759.    3.896335E-10
           10760.    3.839861E-10
           10761.    3.783764E-10
           10762.    3.727879E-10
           10763.    3.672370E-10
           10764.    3.617182E-10
           10765.    3.562315E-10
           10766.    3.507767E-10
           10767.    3.453537E-10
           10768.    3.399574E-10
           10769.    3.346085E-10
           10770.    3.292757E-10
           10771.    3.239796E-10
           10772.    3.187152E-10
           10773.    3.134823E-10
           10774.    3.082808E-10
           10775.    3.031107E-10
           10776.    2.979668E-10
           10777.    2.928643E-10
           10778.    2.877879E-10
           10779.    2.827425E-10
           10780.    2.777283E-10
           10781.    2.727451E-10
           10782.    2.677927E-10
           10783.    2.628713E-10
           10784.    2.579806E-10
           10785.    2.531206E-10
           10786.    2.482912E-10
           10787.    2.434925E-10
           10788.    2.387289E-10
           10789.    2.339865E-10
           10790.    2.292792E-10
           10791.    2.246021E-10
           10792.    2.199553E-10
           10793.    2.153388E-10
           10794.    2.107523E-10
           10795.    2.061915E-10
           10796.    2.016696E-10
           10797.    1.971732E-10
           10798.    1.927066E-10
           10799.    1.882699E-10
           10800.    1.838630E-10
           10801.    1.794814E-10
           10802.    1.751379E-10
           10803.    1.708156E-10
           10804.    1.665311E-10
           10805.    1.622760E-10
           10806.    1.580420E-10
           10807.    1.538455E-10
           10808.    1.496700E-10
           10809.    1.455278E-10
           10810.    1.414147E-10
           10811.    1.373306E-10
           10812.    1.332755E-10
           10813.    1.292493E-10
           10814.    1.252519E-10
           10815.    1.212833E-10
           10816.    1.173433E-10
           10817.    1.134321E-10
           10818.    1.095494E-10
           10819.    1.056952E-10
           10820.    1.018657E-10
           10821.    9.807202E-11
           10822.    9.429929E-11
           10823.    9.056216E-11
           10824.    8.684953E-11
           10825.    8.316502E-11
           10826.    7.950856E-11
           10827.    7.588009E-11
           10828.    7.227954E-11
           10829.    6.870685E-11
           10830.    6.516195E-11
           10831.    6.164477E-11
           10832.    5.815865E-11
           10833.    5.469334E-11
           10834.    5.125896E-11
           10835.    4.785204E-11
           10836.    4.447253E-11
           10837.    4.112034E-11
           10838.    3.779543E-11
           10839.    3.449452E-11
           10840.    3.122717E-11
           10841.    2.798369E-11
           10842.    2.476722E-11
           10843.    2.157769E-11
           10844.    1.841504E-11
           10845.    1.527921E-11
           10846.    1.217013E-11
           10847.    9.084735E-12
           10848.    6.031954E-12
           10849.    2.999787E-12
           10850.              0.
