#  Table wf3f343nsys.tab  Mon 12:22:14 02-Jun-97

#      WAVELENGTH      THROUGHPUT
#       angstroms                

            1215     0.
            1216.     1.314497E-8
            1217.     1.329549E-8
            1218.     1.344706E-8
            1219.     1.359968E-8
            1220.     1.375336E-8
            1221.     1.387659E-8
            1222.     1.400056E-8
            1223.     1.412527E-8
            1224.     1.425075E-8
            1225.     1.437697E-8
            1226.     1.450394E-8
            1227.     1.463167E-8
            1228.     1.476016E-8
            1229.     1.488942E-8
            1230.     1.501944E-8
            1231.     1.512197E-8
            1232.     1.522500E-8
            1233.     1.532854E-8
            1234.     1.543258E-8
            1235.     1.553711E-8
            1236.     1.564216E-8
            1237.     1.574772E-8
            1238.     1.585378E-8
            1239.     1.596035E-8
            1240.     1.606744E-8
            1241.     1.615228E-8
            1242.     1.623746E-8
            1243.     1.632296E-8
            1244.     1.640879E-8
            1245.     1.649495E-8
            1246.     1.658144E-8
            1247.     1.666826E-8
            1248.     1.675541E-8
            1249.     1.684289E-8
            1250.     1.693071E-8
            1251.     1.700200E-8
            1252.     1.707350E-8
            1253.     1.714522E-8
            1254.     1.721716E-8
            1255.     1.728930E-8
            1256.     1.736167E-8
            1257.     1.743425E-8
            1258.     1.750706E-8
            1259.     1.758007E-8
            1260.     1.765331E-8
            1261.     1.771280E-8
            1262.     1.777243E-8
            1263.     1.783219E-8
            1264.     1.789208E-8
            1265.     1.795211E-8
            1266.     1.801227E-8
            1267.     1.807256E-8
            1268.     1.813299E-8
            1269.     1.819355E-8
            1270.     1.825425E-8
            1271.     1.830328E-8
            1272.     1.835239E-8
            1273.     1.840157E-8
            1274.     1.845081E-8
            1275.     1.850014E-8
            1276.     1.854954E-8
            1277.     1.859900E-8
            1278.     1.864854E-8
            1279.     1.869816E-8
            1280.     1.874784E-8
            1281.     1.878836E-8
            1282.     1.882890E-8
            1283.     1.886947E-8
            1284.     1.891008E-8
            1285.     1.895071E-8
            1286.     1.899138E-8
            1287.     1.903206E-8
            1288.     1.907279E-8
            1289.     1.911354E-8
            1290.     1.915432E-8
            1291.     1.918845E-8
            1292.     1.922259E-8
            1293.     1.925673E-8
            1294.     1.929086E-8
            1295.     1.932500E-8
            1296.     1.935915E-8
            1297.     1.939329E-8
            1298.     1.942743E-8
            1299.     1.946158E-8
            1300.     1.949573E-8
            1301.     1.952566E-8
            1302.     1.955557E-8
            1303.     1.958548E-8
            1304.     1.961537E-8
            1305.     1.964523E-8
            1306.     1.967510E-8
            1307.     1.970494E-8
            1308.     1.973476E-8
            1309.     1.976457E-8
            1310.     1.979437E-8
            1311.     1.982084E-8
            1312.     1.984728E-8
            1313.     1.987370E-8
            1314.     1.990008E-8
            1315.     1.992644E-8
            1316.     1.995277E-8
            1317.     1.997907E-8
            1318.     2.000534E-8
            1319.     2.003158E-8
            1320.     2.005779E-8
            1321.     2.008134E-8
            1322.     2.010485E-8
            1323.     2.012831E-8
            1324.     2.015174E-8
            1325.     2.017513E-8
            1326.     2.019848E-8
            1327.     2.022179E-8
            1328.     2.024506E-8
            1329.     2.026829E-8
            1330.     2.029148E-8
            1331.     2.031224E-8
            1332.     2.033296E-8
            1333.     2.035364E-8
            1334.     2.037426E-8
            1335.     2.039482E-8
            1336.     2.041535E-8
            1337.     2.043582E-8
            1338.     2.045624E-8
            1339.     2.047661E-8
            1340.     2.049693E-8
            1341.     2.051559E-8
            1342.     2.053420E-8
            1343.     2.055275E-8
            1344.     2.057125E-8
            1345.     2.058968E-8
            1346.     2.060806E-8
            1347.     2.062639E-8
            1348.     2.064466E-8
            1349.     2.066287E-8
            1350.     2.068102E-8
            1351.     2.069794E-8
            1352.     2.071480E-8
            1353.     2.073159E-8
            1354.     2.074833E-8
            1355.     2.076209E-8
            1356.     2.077578E-8
            1357.     2.078942E-8
            1358.     2.080300E-8
            1359.     2.081652E-8
            1360.     2.082998E-8
            1361.     2.084272E-8
            1362.     2.085540E-8
            1363.     2.086802E-8
            1364.     2.088058E-8
            1365.     2.089307E-8
            1366.     2.090551E-8
            1367.     2.091788E-8
            1368.     2.093019E-8
            1369.     2.094244E-8
            1370.     2.095463E-8
            1371.     2.096672E-8
            1372.     2.097876E-8
            1373.     2.099073E-8
            1374.     2.100264E-8
            1375.     2.101449E-8
            1376.     2.102628E-8
            1377.     2.103801E-8
            1378.     2.104967E-8
            1379.     2.106127E-8
            1380.     2.107281E-8
            1381.     2.108469E-8
            1382.     2.109652E-8
            1383.     2.110828E-8
            1384.     2.111998E-8
            1385.     2.113162E-8
            1386.     2.114320E-8
            1387.     2.115472E-8
            1388.     2.116617E-8
            1389.     2.117756E-8
            1390.     2.118890E-8
            1391.     2.120122E-8
            1392.     2.121347E-8
            1393.     2.122567E-8
            1394.     2.123782E-8
            1395.     2.124990E-8
            1396.     2.126192E-8
            1397.     2.127389E-8
            1398.     2.128580E-8
            1399.     2.129764E-8
            1400.     2.130943E-8
            1401.     2.132255E-8
            1402.     2.133561E-8
            1403.     2.134861E-8
            1404.     2.136156E-8
            1405.     2.137446E-8
            1406.     2.138730E-8
            1407.     2.140009E-8
            1408.     2.141282E-8
            1409.     2.142550E-8
            1410.     2.143812E-8
            1411.     2.145140E-8
            1412.     2.146461E-8
            1413.     2.147778E-8
            1414.     2.149089E-8
            1415.     2.150395E-8
            1416.     2.151696E-8
            1417.     2.152991E-8
            1418.     2.154281E-8
            1419.     2.155566E-8
            1420.     2.156846E-8
            1421.     2.158090E-8
            1422.     2.159328E-8
            1423.     2.160562E-8
            1424.     2.161790E-8
            1425.     2.163012E-8
            1426.     2.164230E-8
            1427.     2.165441E-8
            1428.     2.166648E-8
            1429.     2.167849E-8
            1430.     2.169045E-8
            1431.     2.170132E-8
            1432.     2.171214E-8
            1433.     2.172290E-8
            1434.     2.173360E-8
            1435.     2.174426E-8
            1436.     2.175485E-8
            1437.     2.176538E-8
            1438.     2.177587E-8
            1439.     2.178629E-8
            1440.     2.179666E-8
            1441.     2.180493E-8
            1442.     2.181314E-8
            1443.     2.182129E-8
            1444.     2.182938E-8
            1445.     2.183740E-8
            1446.     2.184536E-8
            1447.     2.185327E-8
            1448.     2.186111E-8
            1449.     2.186889E-8
            1450.     2.187661E-8
            1451.     2.188119E-8
            1452.     2.188571E-8
            1453.     2.189015E-8
            1454.     2.189453E-8
            1455.     2.189883E-8
            1456.     2.190307E-8
            1457.     2.190725E-8
            1458.     2.191135E-8
            1459.     2.191537E-8
            1460.     2.191934E-8
            1461.     2.191945E-8
            1462.     2.191948E-8
            1463.     2.191943E-8
            1464.     2.191931E-8
            1465.     2.191910E-8
            1466.     2.191882E-8
            1467.     2.191847E-8
            1468.     2.191804E-8
            1469.     2.191752E-8
            1470.     2.191694E-8
            1471.     2.191138E-8
            1472.     2.190575E-8
            1473.     2.190002E-8
            1474.     2.189421E-8
            1475.     2.188831E-8
            1476.     2.188233E-8
            1477.     2.187625E-8
            1478.     2.187010E-8
            1479.     2.186384E-8
            1480.     2.185752E-8
            1481.     2.184543E-8
            1482.     2.183326E-8
            1483.     2.182098E-8
            1484.     2.180861E-8
            1485.     2.179614E-8
            1486.     2.178358E-8
            1487.     2.177091E-8
            1488.     2.178496E-8
            1489.     2.179884E-8
            1490.     2.181253E-8
            1491.     2.181949E-8
            1492.     2.182624E-8
            1493.     2.183278E-8
            1494.     2.183911E-8
            1495.     2.184523E-8
            1496.     2.185114E-8
            1497.     2.185684E-8
            1498.     2.186232E-8
            1499.     2.186760E-8
            1500.     2.187266E-8
            1501.     2.186012E-8
            1502.     2.184730E-8
            1503.     2.183420E-8
            1504.     2.182083E-8
            1505.     2.180717E-8
            1506.     2.179323E-8
            1507.     2.177902E-8
            1508.     2.176453E-8
            1509.     2.174976E-8
            1510.     2.173471E-8
            1511.     2.171426E-8
            1512.     2.169352E-8
            1513.     2.167248E-8
            1514.     2.165115E-8
            1515.     2.162954E-8
            1516.     2.160762E-8
            1517.     2.158542E-8
            1518.     2.156292E-8
            1519.     2.154014E-8
            1520.     2.151706E-8
            1521.     2.149062E-8
            1522.     2.146388E-8
            1523.     2.143684E-8
            1524.     2.140951E-8
            1525.     2.138188E-8
            1526.     2.135395E-8
            1527.     2.132572E-8
            1528.     2.129720E-8
            1529.     2.126838E-8
            1530.     2.123927E-8
            1531.     2.120849E-8
            1532.     2.117741E-8
            1533.     2.114603E-8
            1534.     2.111435E-8
            1535.     2.108238E-8
            1536.     2.105011E-8
            1537.     2.101754E-8
            1538.     2.098469E-8
            1539.     2.095153E-8
            1540.     2.091808E-8
            1541.     2.088491E-8
            1542.     2.085145E-8
            1543.     2.081770E-8
            1544.     2.078366E-8
            1545.     2.074932E-8
            1546.     2.068472E-8
            1547.     2.062005E-8
            1548.     2.055531E-8
            1549.     2.049050E-8
            1550.     2.042563E-8
            1551.     2.036290E-8
            1552.     2.030011E-8
            1553.     2.023725E-8
            1554.     2.017431E-8
            1555.     2.011133E-8
            1556.     2.004828E-8
            1557.     1.998515E-8
            1558.     1.992197E-8
            1559.     1.985872E-8
            1560.     1.979540E-8
            1561.     1.973597E-8
            1562.     1.967648E-8
            1563.     1.961692E-8
            1564.     1.955730E-8
            1565.     1.949762E-8
            1566.     1.943787E-8
            1567.     1.937806E-8
            1568.     1.931819E-8
            1569.     1.925826E-8
            1570.     1.919826E-8
            1571.     1.914345E-8
            1572.     1.908857E-8
            1573.     1.903363E-8
            1574.     1.897863E-8
            1575.     1.892357E-8
            1576.     1.886844E-8
            1577.     1.881326E-8
            1578.     1.875801E-8
            1579.     1.870270E-8
            1580.     1.864733E-8
            1581.     1.859875E-8
            1582.     1.855010E-8
            1583.     1.850139E-8
            1584.     1.845263E-8
            1585.     1.840380E-8
            1586.     1.835491E-8
            1587.     1.830595E-8
            1588.     1.825695E-8
            1589.     1.820787E-8
            1590.     1.815874E-8
            1591.     1.811754E-8
            1592.     1.807627E-8
            1593.     1.803495E-8
            1594.     1.799356E-8
            1595.     1.795212E-8
            1596.     1.791061E-8
            1597.     1.786904E-8
            1598.     1.782742E-8
            1599.     1.778574E-8
            1600.     1.774400E-8
            1601.     1.771128E-8
            1602.     1.767850E-8
            1603.     1.764567E-8
            1604.     1.761277E-8
            1605.     1.757982E-8
            1606.     1.754682E-8
            1607.     1.751375E-8
            1608.     1.748064E-8
            1609.     1.744746E-8
            1610.     1.741422E-8
            1611.     1.739046E-8
            1612.     1.736663E-8
            1613.     1.734276E-8
            1614.     1.731883E-8
            1615.     1.729486E-8
            1616.     1.727083E-8
            1617.     1.724675E-8
            1618.     1.722261E-8
            1619.     1.719842E-8
            1620.     1.717418E-8
            1621.     1.715964E-8
            1622.     1.714506E-8
            1623.     1.713043E-8
            1624.     1.711575E-8
            1625.     1.710103E-8
            1626.     1.708627E-8
            1627.     1.707145E-8
            1628.     1.705659E-8
            1629.     1.704169E-8
            1630.     1.702674E-8
            1631.     1.702169E-8
            1632.     1.701661E-8
            1633.     1.701150E-8
            1634.     1.700634E-8
            1635.     1.700115E-8
            1636.     1.699593E-8
            1637.     1.699067E-8
            1638.     1.698538E-8
            1639.     1.698005E-8
            1640.     1.697468E-8
            1641.     1.697960E-8
            1642.     1.698451E-8
            1643.     1.698939E-8
            1644.     1.699425E-8
            1645.     1.699909E-8
            1646.     1.700391E-8
            1647.     1.700871E-8
            1648.     1.701350E-8
            1649.     1.702627E-8
            1650.     1.703902E-8
            1651.     1.706235E-8
            1652.     1.708568E-8
            1653.     1.710901E-8
            1654.     1.713235E-8
            1655.     1.715569E-8
            1656.     1.717904E-8
            1657.     1.720240E-8
            1658.     1.722576E-8
            1659.     1.724913E-8
            1660.     1.727251E-8
            1661.     1.730570E-8
            1662.     1.733894E-8
            1663.     1.737221E-8
            1664.     1.740553E-8
            1665.     1.743888E-8
            1666.     1.747228E-8
            1667.     1.750570E-8
            1668.     1.753918E-8
            1669.     1.757268E-8
            1670.     1.760623E-8
            1671.     1.764861E-8
            1672.     1.769106E-8
            1673.     1.773357E-8
            1674.     1.777617E-8
            1675.     1.781883E-8
            1676.     1.786157E-8
            1677.     1.790438E-8
            1678.     1.794727E-8
            1679.     1.799022E-8
            1680.     1.803326E-8
            1681.     1.808415E-8
            1682.     1.813515E-8
            1683.     1.818626E-8
            1684.     1.823747E-8
            1685.     1.828879E-8
            1686.     1.834022E-8
            1687.     1.839175E-8
            1688.     1.844339E-8
            1689.     1.849513E-8
            1690.     1.854698E-8
            1691.     1.860572E-8
            1692.     1.866458E-8
            1693.     1.872358E-8
            1694.     1.878272E-8
            1695.     1.884201E-8
            1696.     1.890143E-8
            1697.     1.896099E-8
            1698.     1.902069E-8
            1699.     1.908053E-8
            1700.     1.914050E-8
            1701.     1.920650E-8
            1702.     1.927266E-8
            1703.     1.933899E-8
            1704.     1.940549E-8
            1705.     1.947216E-8
            1706.     1.953899E-8
            1707.     1.960600E-8
            1708.     1.967317E-8
            1709.     1.974052E-8
            1710.     1.980803E-8
            1711.     1.988086E-8
            1712.     1.995389E-8
            1713.     2.002712E-8
            1714.     2.010055E-8
            1715.     2.017417E-8
            1716.     2.024799E-8
            1717.     2.032201E-8
            1718.     2.039622E-8
            1719.     2.047063E-8
            1720.     2.054525E-8
            1721.     2.062420E-8
            1722.     2.070335E-8
            1723.     2.078275E-8
            1724.     2.086236E-8
            1725.     2.094219E-8
            1726.     2.102225E-8
            1727.     2.110253E-8
            1728.     2.118303E-8
            1729.     2.126376E-8
            1730.     2.134471E-8
            1731.     2.142935E-8
            1732.     2.151425E-8
            1733.     2.159939E-8
            1734.     2.168475E-8
            1735.     2.177037E-8
            1736.     2.185624E-8
            1737.     2.194235E-8
            1738.     2.202871E-8
            1739.     2.211531E-8
            1740.     2.220215E-8
            1741.     2.229192E-8
            1742.     2.238196E-8
            1743.     2.247225E-8
            1744.     2.256280E-8
            1745.     2.265362E-8
            1746.     2.274470E-8
            1747.     2.283604E-8
            1748.     2.292766E-8
            1749.     2.301953E-8
            1750.     2.311167E-8
            1751.     2.318535E-8
            1752.     2.325918E-8
            1753.     2.333316E-8
            1754.     2.340728E-8
            1755.     2.348155E-8
            1756.     2.355597E-8
            1757.     2.363052E-8
            1758.     2.370524E-8
            1759.     2.378010E-8
            1760.     2.385511E-8
            1761.     2.393185E-8
            1762.     2.400873E-8
            1763.     2.408578E-8
            1764.     2.416298E-8
            1765.     2.424033E-8
            1766.     2.431784E-8
            1767.     2.439550E-8
            1768.     2.447331E-8
            1769.     2.455128E-8
            1770.     2.462941E-8
            1771.     2.470926E-8
            1772.     2.478929E-8
            1773.     2.486946E-8
            1774.     2.494981E-8
            1775.     2.503032E-8
            1776.     2.511098E-8
            1777.     2.519180E-8
            1778.     2.527279E-8
            1779.     2.535394E-8
            1780.     2.543524E-8
            1781.     2.551819E-8
            1782.     2.560131E-8
            1783.     2.568459E-8
            1784.     2.576804E-8
            1785.     2.585166E-8
            1786.     2.593544E-8
            1787.     2.601940E-8
            1788.     2.610351E-8
            1789.     2.618780E-8
            1790.     2.627227E-8
            1791.     2.635849E-8
            1792.     2.644489E-8
            1793.     2.653147E-8
            1794.     2.661823E-8
            1795.     2.670516E-8
            1796.     2.679227E-8
            1797.     2.687955E-8
            1798.     2.696700E-8
            1799.     2.705463E-8
            1800.     2.714243E-8
            1801.     2.723177E-8
            1802.     2.732129E-8
            1803.     2.741098E-8
            1804.     2.750087E-8
            1805.     2.759093E-8
            1806.     2.768117E-8
            1807.     2.777160E-8
            1808.     2.786220E-8
            1809.     2.795298E-8
            1810.     2.804395E-8
            1811.     2.813664E-8
            1812.     2.822952E-8
            1813.     2.832259E-8
            1814.     2.841584E-8
            1815.     2.850927E-8
            1816.     2.860292E-8
            1817.     2.869674E-8
            1818.     2.879074E-8
            1819.     2.888493E-8
            1820.     2.897933E-8
            1821.     2.907537E-8
            1822.     2.917161E-8
            1823.     2.926804E-8
            1824.     2.936467E-8
            1825.     2.946149E-8
            1826.     2.955852E-8
            1827.     2.965573E-8
            1828.     2.975314E-8
            1829.     2.985074E-8
            1830.     2.994854E-8
            1831.     3.004806E-8
            1832.     3.014777E-8
            1833.     3.024768E-8
            1834.     3.034780E-8
            1835.     3.044812E-8
            1836.     3.054864E-8
            1837.     3.064936E-8
            1838.     3.075029E-8
            1839.     3.085142E-8
            1840.     3.095275E-8
            1841.     3.105573E-8
            1842.     3.115892E-8
            1843.     3.126231E-8
            1844.     3.136592E-8
            1845.     3.146973E-8
            1846.     3.157376E-8
            1847.     3.167798E-8
            1848.     3.178243E-8
            1849.     3.188708E-8
            1850.     3.199194E-8
            1851.     3.208018E-8
            1852.     3.216854E-8
            1853.     3.225701E-8
            1854.     3.234559E-8
            1855.     3.243428E-8
            1856.     3.252310E-8
            1857.     3.261202E-8
            1858.     3.270106E-8
            1859.     3.279021E-8
            1860.     3.287948E-8
            1861.     3.297041E-8
            1862.     3.306148E-8
            1863.     3.315265E-8
            1864.     3.324394E-8
            1865.     3.333534E-8
            1866.     3.342687E-8
            1867.     3.351851E-8
            1868.     3.361028E-8
            1869.     3.370215E-8
            1870.     3.379416E-8
            1871.     3.049896E-8
            1872.     2.718515E-8
            1873.     2.385268E-8
            1874.     2.050153E-8
            1875.     1.713164E-8
            1876.     1.374299E-8
            1877.     1.033553E-8
            1878.     6.909243E-9
            1879.     3.464076E-9
            1880.              0.
            2911.     1.884227E-8
            2912.     3.767498E-8
            2913.     5.648435E-8
            2914.     7.527495E-8
            2915.     9.404674E-8
            2916.     1.127998E-7
            2917.     1.315385E-7
            2918.     1.502493E-7
            2919.     1.689504E-7
            2920.     1.876234E-7
            2921.     1.875285E-7
            2922.     1.874336E-7
            2923.     1.873386E-7
            2924.     1.872436E-7
            2925.     1.871485E-7
            2926.     1.870533E-7
            2927.     1.869582E-7
            2928.     1.868630E-7
            2929.     1.867677E-7
            2930.     1.866724E-7
            2931.     1.865758E-7
            2932.     1.864791E-7
            2933.     1.863824E-7
            2934.     1.862857E-7
            2935.     1.861889E-7
            2936.     1.860921E-7
            2937.     1.859952E-7
            2938.     1.858983E-7
            2939.     1.858013E-7
            2940.     1.857043E-7
            2941.     1.856073E-7
            2942.     1.855103E-7
            2943.     1.854133E-7
            2944.     1.853162E-7
            2945.     1.852190E-7
            2946.     1.851218E-7
            2947.     1.850246E-7
            2948.     1.849273E-7
            2949.     1.848300E-7
            2950.     1.847326E-7
            2951.     1.846336E-7
            2952.     1.845345E-7
            2953.     1.844354E-7
            2954.     1.843362E-7
            2955.     1.842370E-7
            2956.     1.841377E-7
            2957.     1.840383E-7
            2958.     1.839390E-7
            2959.     1.838396E-7
            2960.     1.837401E-7
            2961.     1.652768E-7
            2962.     1.468333E-7
            2963.     1.284095E-7
            2964.     1.100012E-7
            2965.     9.162168E-8
            2966.     7.325755E-8
            2967.     5.491777E-8
            2968.     3.658895E-8
            2969.     1.828898E-8
            2970.              0.
            3386.    2.400017E-11
            3387.     9.835603E-8
            3388.     1.968148E-7
            3389.     2.855306E-6
            3390.     5.516116E-6
            3391.     3.646795E-6
            3392.     1.775050E-6
            3393.     7.399928E-6
            3394.     1.303072E-5
            3395.     1.471664E-5
            3396.     1.640392E-5
            3397.     2.382844E-5
            3398.     3.126033E-5
            3399.     3.939484E-5
            3400.     4.753390E-5
            3401.     6.658243E-5
            3402.     8.565096E-5
            3403.     1.216010E-4
            3404.     1.575887E-4
            3405.     2.265783E-4
            3406.     2.956402E-4
            3407.     4.314676E-4
            3408.     5.674375E-4
            3409.     8.268639E-4
            3410.     0.001086689
            3411.     0.001513956
            3412.      0.00194179
            3413.     0.002423497
            3414.     0.002905591
            3415.     0.003162135
            3416.     0.003418947
            3417.     0.003405053
            3418.     0.003391147
            3419.     0.003300502
            3420.     0.003209764
            3421.     0.003176315
            3422.     0.003142841
            3423.      0.00318789
            3424.     0.003232997
            3425.     0.003328443
            3426.     0.003423941
            3427.     0.003545878
            3428.     0.003667913
            3429.      0.00376188
            3430.     0.003855915
            3431.     0.003910895
            3432.     0.003965958
            3433.     0.003951035
            3434.     0.003936094
            3435.     0.003802076
            3436.     0.003667979
            3437.     0.003393044
            3438.     0.003117816
            3439.     0.002738683
            3440.     0.002359239
            3441.     0.001957249
            3442.     0.001554727
            3443.     0.001241119
            3444.     9.271294E-4
            3445.     7.293179E-4
            3446.     5.312477E-4
            3447.     4.175287E-4
            3448.     3.036743E-4
            3449.     2.433848E-4
            3450.     1.830166E-4
            3451.     1.465932E-4
            3452.     1.101309E-4
            3453.     8.870167E-5
            3454.     6.725477E-5
            3455.     5.433807E-5
            3456.     4.141281E-5
            3457.     3.582043E-5
            3458.     3.022480E-5
            3459.     2.421316E-5
            3460.     1.819510E-5
            3461.     1.585194E-5
            3462.     1.350741E-5
            3463.     1.156980E-5
            3464.     9.629175E-6
            3465.     7.789443E-6
            3466.     5.947745E-6
            3467.     3.694223E-6
            3468.     1.437193E-6
            3469.     1.129825E-6
            3470.     8.221278E-7
            3471.     8.191420E-7
            3472.     8.161535E-7
            3473.     8.131607E-7
            3474.     8.101643E-7
            3475.     8.071644E-7
            3476.     8.041616E-7
            3477.     8.011538E-7
            3478.     7.981432E-7
            3479.     7.951289E-7
            3480.     7.921104E-7
            3481.     7.890933E-7
            3482.     7.860720E-7
            3483.     7.830462E-7
            3484.     7.800184E-7
            3485.     7.769869E-7
            3486.     7.739512E-7
            3487.     7.709108E-7
            3488.     7.678678E-7
            3489.     7.648206E-7
            3490.     7.617710E-7
            3491.     7.587184E-7
            3492.     7.556620E-7
            3493.     7.526012E-7
            3494.     7.495385E-7
            3495.     7.464711E-7
            3496.     7.434004E-7
            3497.     7.403258E-7
            3498.     7.372478E-7
            3499.     7.341668E-7
            3500.     7.310805E-7
            3501.     7.279949E-7
            3502.     7.249048E-7
            3503.     7.218126E-7
            3504.     7.187160E-7
            3505.     7.156156E-7
            3506.     7.125107E-7
            3507.     7.094037E-7
            3508.     7.062924E-7
            3509.     7.031771E-7
            3510.     7.000584E-7
            3511.     6.969392E-7
            3512.     6.938171E-7
            3513.     6.906897E-7
            3514.     6.875592E-7
            3515.     6.844244E-7
            3516.     6.812865E-7
            3517.     6.781457E-7
            3518.     6.750004E-7
            3519.     6.718514E-7
            3520.     6.686985E-7
            3521.     6.655438E-7
            3522.     6.623836E-7
            3523.     6.592205E-7
            3524.     6.560536E-7
            3525.     6.528822E-7
            3526.     6.497086E-7
            3527.     6.465305E-7
            3528.     6.433478E-7
            3529.     6.401623E-7
            3530.     6.369737E-7
            3531.     6.337854E-7
            3532.     6.305933E-7
            3533.     6.273975E-7
            3534.     6.241986E-7
            3535.     6.209943E-7
            3536.     6.177870E-7
            3537.     6.145759E-7
            3538.     6.113600E-7
            3539.     6.081420E-7
            3540.     6.049194E-7
            3541.     6.016918E-7
            3542.     5.984605E-7
            3543.     5.952261E-7
            3544.     5.919869E-7
            3545.     5.887434E-7
            3546.     5.854968E-7
            3547.     5.822455E-7
            3548.     5.789919E-7
            3549.     5.757337E-7
            3550.     5.724718E-7
            3551.     5.692077E-7
            3552.     5.659413E-7
            3553.     5.626702E-7
            3554.     5.593953E-7
            3555.     5.561166E-7
            3556.     5.528339E-7
            3557.     5.495481E-7
            3558.     5.462570E-7
            3559.     5.429626E-7
            3560.     5.396636E-7
            3561.     5.363655E-7
            3562.     5.330612E-7
            3563.     5.297537E-7
            3564.     5.264423E-7
            3565.     5.231269E-7
            3566.     5.198085E-7
            3567.     5.164846E-7
            3568.     5.131574E-7
            3569.     5.098263E-7
            3570.     5.064922E-7
            3571.     5.031530E-7
            3572.     4.998107E-7
            3573.     4.964637E-7
            3574.     4.931134E-7
            3575.     4.897601E-7
            3576.     4.864019E-7
            3577.     4.830399E-7
            3578.     4.796739E-7
            3579.     4.763048E-7
            3580.     4.729300E-7
            3581.     4.695543E-7
            3582.     4.661746E-7
            3583.     4.627900E-7
            3584.     4.594031E-7
            3585.     4.560114E-7
            3586.     4.526149E-7
            3587.     4.492152E-7
            3588.     4.458124E-7
            3589.     4.424055E-7
            3590.     4.389930E-7
            3591.     4.355778E-7
            3592.     4.321577E-7
            3593.     4.287361E-7
            3594.     4.253080E-7
            3595.     4.218766E-7
            3596.     4.184404E-7
            3597.     4.150020E-7
            3598.     4.115586E-7
            3599.     4.081112E-7
            3600.     4.046598E-7
            3601.     4.012059E-7
            3602.     3.977489E-7
            3603.     3.942860E-7
            3604.     3.908200E-7
            3605.     3.873490E-7
            3606.     3.838764E-7
            3607.     3.803975E-7
            3608.     3.769151E-7
            3609.     3.734278E-7
            3610.     3.699382E-7
            3611.     3.664438E-7
            3612.     3.629437E-7
            3613.     3.594403E-7
            3614.     3.559329E-7
            3615.     3.524222E-7
            3616.     3.489058E-7
            3617.     3.453861E-7
            3618.     3.418615E-7
            3619.     3.383337E-7
            3620.     3.348026E-7
            3621.     3.312691E-7
            3622.     3.277314E-7
            3623.     3.241894E-7
            3624.     3.206443E-7
            3625.     3.170941E-7
            3626.     3.135389E-7
            3627.     3.099805E-7
            3628.     3.064171E-7
            3629.     3.028512E-7
            3630.     2.992804E-7
            3631.     2.957038E-7
            3632.     2.921240E-7
            3633.     2.885409E-7
            3634.     2.849528E-7
            3635.     2.813605E-7
            3636.     2.777642E-7
            3637.     2.741646E-7
            3638.     2.705599E-7
            3639.     2.669502E-7
            3640.     2.633372E-7
            3641.     2.597194E-7
            3642.     2.560991E-7
            3643.     2.524739E-7
            3644.     2.488444E-7
            3645.     2.452109E-7
            3646.     2.415731E-7
            3647.     2.379321E-7
            3648.     2.342850E-7
            3649.     2.306347E-7
            3650.     2.269794E-7
            3651.     2.233234E-7
            3652.     2.196606E-7
            3653.     2.159944E-7
            3654.     2.123232E-7
            3655.     2.086495E-7
            3656.     2.049707E-7
            3657.     2.012877E-7
            3658.     1.976004E-7
            3659.     1.939089E-7
            3660.     1.902142E-7
            3661.     1.865135E-7
            3662.     1.828094E-7
            3663.     1.791002E-7
            3664.     1.753895E-7
            3665.     1.716719E-7
            3666.     1.679509E-7
            3667.     1.642256E-7
            3668.     1.604962E-7
            3669.     1.567624E-7
            3670.     1.530254E-7
            3671.     1.492824E-7
            3672.     1.455360E-7
            3673.     1.417863E-7
            3674.     1.380306E-7
            3675.     1.342714E-7
            3676.     1.305080E-7
            3677.     1.267394E-7
            3678.     1.229684E-7
            3679.     1.191922E-7
            3680.     1.154117E-7
            3681.     1.116270E-7
            3682.     1.078389E-7
            3683.     1.040456E-7
            3684.     1.002471E-7
            3685.     9.644529E-8
            3686.     9.263821E-8
            3687.     8.882871E-8
            3688.     8.501399E-8
            3689.     8.119496E-8
            3690.     7.737071E-8
            3691.     7.354409E-8
            3692.     6.971316E-8
            3693.     6.587605E-8
            3694.     6.203557E-8
            3695.     5.819077E-8
            3696.     5.434260E-8
            3697.     5.048823E-8
            3698.     4.663049E-8
            3699.     4.276748E-8
            3700.     3.890203E-8
            3701.     3.503133E-8
            3702.     3.115631E-8
            3703.     2.727695E-8
            3704.     2.339326E-8
            3705.     1.950618E-8
            3706.     1.561287E-8
            3707.     1.171616E-8
            3708.     7.815122E-9
            3709.     3.910686E-9
            3710.              0.
            7991.     3.723250E-8
            7992.     7.442780E-8
            7993.     1.115679E-7
            7994.     1.486889E-7
            7995.     1.857909E-7
            7996.     2.228377E-7
            7997.     2.598474E-7
            7998.     2.968200E-7
            7999.     3.337555E-7
            8000.     3.706719E-7
            8001.     4.074119E-7
            8002.     4.441532E-7
            8003.     4.808241E-7
            8004.     5.174425E-7
            8005.     5.540084E-7
            8006.     5.905219E-7
            8007.     6.270007E-7
            8008.     6.634094E-7
            8009.     6.997478E-7
            8010.     7.360518E-7
            8011.     6.987691E-7
            8012.     6.615207E-7
            8013.     6.243249E-7
            8014.     5.871635E-7
            8015.     5.500729E-7
            8016.     5.130346E-7
            8017.     4.760489E-7
            8018.     4.391157E-7
            8019.     4.022529E-7
            8020.     3.654243E-7
            8021.     3.651449E-7
            8022.     3.648836E-7
            8023.     3.646223E-7
            8024.     3.643612E-7
            8025.     3.641000E-7
            8026.     3.638388E-7
            8027.     3.635779E-7
            8028.     3.633171E-7
            8029.     3.630562E-7
            8030.     3.627955E-7
            8031.     3.625349E-7
            8032.     3.622743E-7
            8033.     3.620139E-7
            8034.     3.617536E-7
            8035.     3.614933E-7
            8036.     3.612331E-7
            8037.     3.609730E-7
            8038.     3.607130E-7
            8039.     3.604529E-7
            8040.     3.601929E-7
            8041.     3.959265E-7
            8042.     4.316083E-7
            8043.     4.672381E-7
            8044.     5.028162E-7
            8045.     5.383598E-7
            8046.     5.737996E-7
            8047.     6.092397E-7
            8048.     6.446107E-7
            8049.     6.799299E-7
            8050.     7.151976E-7
            8051.     7.146798E-7
            8052.     7.141619E-7
            8053.     7.136445E-7
            8054.     7.131271E-7
            8055.     7.126101E-7
            8056.     7.120933E-7
            8057.     7.115764E-7
            8058.     7.110598E-7
            8059.     7.105428E-7
            8060.     7.100263E-7
            8061.     7.095102E-7
            8062.     7.089942E-7
            8063.     7.084784E-7
            8064.     7.079631E-7
            8065.     7.074476E-7
            8066.     7.069320E-7
            8067.     7.064168E-7
            8068.     7.059016E-7
            8069.     7.053867E-7
            8070.     7.048718E-7
            8071.     7.043572E-7
            8072.     7.038429E-7
            8073.     7.033290E-7
            8074.     7.028150E-7
            8075.     7.023012E-7
            8076.     7.017875E-7
            8077.     7.012741E-7
            8078.     7.007606E-7
            8079.     7.002473E-7
            8080.     6.997342E-7
            8081.     6.642604E-7
            8082.     6.288553E-7
            8083.     5.934842E-7
            8084.     5.581646E-7
            8085.     5.228790E-7
            8086.     4.876620E-7
            8087.     4.524964E-7
            8088.     4.173819E-7
            8089.     3.823187E-7
            8090.     3.473066E-7
            8091.     3.470514E-7
            8092.     3.467958E-7
            8093.     3.465404E-7
            8094.     3.462850E-7
            8095.     3.460298E-7
            8096.     3.457747E-7
            8097.     3.455194E-7
            8098.     3.452645E-7
            8099.     3.450095E-7
            8100.     3.447547E-7
            8101.     3.445001E-7
            8102.     3.442455E-7
            8103.     3.439911E-7
            8104.     3.437364E-7
            8105.     3.434821E-7
            8106.     3.432277E-7
            8107.     3.429735E-7
            8108.     3.427193E-7
            8109.     3.424653E-7
            8110.     3.422113E-7
            8111.     3.419574E-7
            8112.     3.417036E-7
            8113.     3.414499E-7
            8114.     3.411963E-7
            8115.     3.409428E-7
            8116.     3.406892E-7
            8117.     3.404357E-7
            8118.     3.401826E-7
            8119.     3.399293E-7
            8120.     3.396761E-7
            8121.     3.394232E-7
            8122.     3.391702E-7
            8123.     3.389173E-7
            8124.     3.386646E-7
            8125.     3.384119E-7
            8126.     3.381593E-7
            8127.     3.379068E-7
            8128.     3.376544E-7
            8129.     3.374019E-7
            8130.     3.371495E-7
            8131.     3.368973E-7
            8132.     3.366451E-7
            8133.     3.363932E-7
            8134.     3.361412E-7
            8135.     3.358892E-7
            8136.     3.356376E-7
            8137.     3.353858E-7
            8138.     3.351342E-7
            8139.     3.348825E-7
            8140.     3.346310E-7
            8141.     3.009417E-7
            8142.     2.672864E-7
            8143.     2.336977E-7
            8144.     2.001593E-7
            8145.     1.666876E-7
            8146.     1.332497E-7
            8147.     9.986201E-8
            8148.     6.654078E-8
            8149.     3.323718E-8
            8150.              0.
            8161.     3.295306E-8
            8162.     6.584008E-8
            8163.     9.866122E-8
            8164.     1.314485E-7
            8165.     1.641860E-7
            8166.     1.968736E-7
            8167.     2.295114E-7
            8168.     2.621154E-7
            8169.     2.946536E-7
            8170.     3.271262E-7
            8171.     3.268775E-7
            8172.     3.266289E-7
            8173.     3.263802E-7
            8174.     3.261316E-7
            8175.     3.258830E-7
            8176.     3.256345E-7
            8177.     3.253862E-7
            8178.     3.251379E-7
            8179.     3.248897E-7
            8180.     3.246413E-7
            8181.     3.243937E-7
            8182.     3.241457E-7
            8183.     3.238978E-7
            8184.     3.236501E-7
            8185.     3.234024E-7
            8186.     3.231548E-7
            8187.     3.229071E-7
            8188.     3.226596E-7
            8189.     3.224123E-7
            8190.     3.221651E-7
            8191.     3.219179E-7
            8192.     3.216709E-7
            8193.     3.214238E-7
            8194.     3.211769E-7
            8195.     3.209301E-7
            8196.     3.206833E-7
            8197.     3.204366E-7
            8198.     3.201900E-7
            8199.     3.199434E-7
            8200.     3.196969E-7
            8201.     3.194506E-7
            8202.     3.192044E-7
            8203.     3.189582E-7
            8204.     3.187122E-7
            8205.     3.184661E-7
            8206.     3.182202E-7
         8206.999     3.179746E-7
            8208.     3.177286E-7
            8209.     3.174828E-7
            8210.     3.172371E-7
            8211.     3.169916E-7
            8212.     3.167463E-7
            8213.     3.165010E-7
            8214.     3.162558E-7
            8215.     3.160105E-7
            8216.     3.157655E-7
            8217.     3.155205E-7
            8218.     3.152755E-7
            8219.     3.150305E-7
            8220.     3.147858E-7
            8221.     2.830870E-7
            8222.     2.514373E-7
            8223.     2.198364E-7
            8224.     1.882846E-7
            8225.     1.567817E-7
            8226.     1.253276E-7
            8227.     9.392244E-8
            8228.     6.256614E-8
            8229.     3.125866E-8
            8230.              0.
            8261.     3.048222E-8
            8262.     6.091618E-8
            8263.     9.130195E-8
            8264.     1.216395E-7
            8265.     1.519288E-7
            8266.     1.821701E-7
            8267.     2.123631E-7
            8268.     2.425081E-7
            8269.     2.726049E-7
            8270.     3.026537E-7
            8271.     3.024132E-7
            8272.     3.021728E-7
            8273.     3.019325E-7
            8274.     3.016923E-7
            8275.     3.014521E-7
            8276.     3.012120E-7
            8277.     3.009720E-7
            8278.     3.007320E-7
            8279.     3.004921E-7
            8280.     3.002523E-7
            8281.     3.000127E-7
            8282.     2.997731E-7
            8283.     2.995336E-7
            8284.     2.992942E-7
            8285.     2.990548E-7
            8286.     2.988156E-7
            8287.     2.985764E-7
            8288.     2.983372E-7
            8289.     2.980982E-7
            8290.     2.978592E-7
            8291.     2.976204E-7
            8292.     2.973817E-7
            8293.     2.971429E-7
            8294.     2.969043E-7
            8295.     2.966658E-7
         8296.001     2.964271E-7
            8297.     2.961890E-7
            8298.     2.959507E-7
            8299.     2.957124E-7
            8300.     2.954743E-7
            8301.     2.952362E-7
            8302.     2.949984E-7
            8303.     2.947605E-7
            8304.     2.945228E-7
            8305.     2.942851E-7
            8306.     2.940475E-7
            8307.     2.938100E-7
            8308.     2.935725E-7
            8309.     2.933351E-7
            8310.     2.930978E-7
            8311.     2.928606E-7
            8312.     2.926236E-7
            8313.     2.923865E-7
            8314.     2.921496E-7
            8315.     2.919128E-7
            8316.     2.916759E-7
            8317.     2.914392E-7
            8318.     2.912026E-7
            8319.     2.909659E-7
            8320.     2.907295E-7
            8321.     2.904931E-7
            8322.     2.902569E-7
            8323.     2.900207E-7
            8324.     2.897846E-7
            8325.     2.895486E-7
            8326.     2.893126E-7
            8327.     2.890767E-7
            8328.     2.888409E-7
            8329.     2.886051E-7
            8330.     2.883694E-7
            8331.     2.593206E-7
            8332.     2.303189E-7
            8333.     2.013642E-7
            8334.     1.724568E-7
            8335.     1.435964E-7
            8336.     1.147831E-7
            8337.     8.601678E-8
            8338.     5.729752E-8
            8339.     2.862527E-8
            8340.              0.
            8361.     2.826859E-8
            8362.     5.651908E-8
            8363.     8.475150E-8
            8364.     1.129658E-7
         8365.001     1.411894E-7
            8366.     1.693399E-7
            8367.     1.974997E-7
            8368.     2.256413E-7
         8368.999     2.537371E-7
            8370.     2.818696E-7
         8370.999     2.817786E-7
            8372.     2.816874E-7
            8373.     2.815961E-7
            8374.     2.815048E-7
            8375.     2.814133E-7
            8376.     2.813219E-7
            8377.     2.812303E-7
            8378.     2.811386E-7
            8379.     2.810468E-7
            8380.     2.809550E-7
            8381.     2.527768E-7
            8382.     2.246169E-7
            8383.     1.964754E-7
         8384.001     1.683247E-7
            8385.     1.402474E-7
         8386.001     1.121336E-7
            8387.     8.409303E-8
            8388.     5.604353E-8
            8389.     2.801251E-8
         8389.999    2.734693E-11
            8391.              0.
            8421.     2.771209E-8
            8422.     5.540513E-8
         8422.999     8.305209E-8
            8424.     1.107340E-7
            8425.     1.383698E-7
            8426.     1.659864E-7
            8427.     1.935838E-7
            8428.     2.211621E-7
            8429.     2.487211E-7
         8430.001     2.762608E-7
            8431.     2.761649E-7
            8432.     2.760689E-7
            8433.     2.759728E-7
            8434.     2.758766E-7
            8435.     2.757803E-7
            8436.     2.756840E-7
            8437.     2.755875E-7
            8438.     2.754909E-7
            8439.     2.753944E-7
         8439.999     2.752977E-7
            8441.     2.476808E-7
         8441.999     2.201102E-7
            8443.     1.925050E-7
            8444.     1.649460E-7
            8445.     1.374065E-7
            8446.     1.098863E-7
            8447.     8.238553E-8
            8448.     5.490423E-8
            8449.     2.744237E-8
            8450.              0.
            8621.     2.553797E-8
         8621.999     5.102686E-8
            8623.     7.654136E-8
            8624.     1.020067E-7
            8625.     1.274479E-7
            8626.     1.528647E-7
            8627.     1.782572E-7
         8627.999     2.036007E-7
            8629.     2.289693E-7
            8630.     2.542888E-7
            8631.     2.541671E-7
            8632.     2.540454E-7
            8633.     2.539236E-7
            8634.     2.538016E-7
         8635.001     2.536795E-7
            8636.     2.535575E-7
            8637.     2.534354E-7
            8638.     2.533131E-7
            8639.     2.531907E-7
            8640.     2.530682E-7
            8641.     2.276511E-7
            8642.     2.022585E-7
            8643.     1.768902E-7
            8644.     1.515465E-7
            8645.     1.262273E-7
            8646.     1.009327E-7
         8646.999     7.568723E-8
            8648.     5.041709E-8
            8649.     2.519621E-8
            8650.              0.
            8751.     2.384711E-8
         8752.001     4.769012E-8
            8753.     7.145926E-8
            8754.     9.522428E-8
            8755.     1.189619E-7
            8756.     1.426720E-7
            8757.     1.663547E-7
            8758.     1.900099E-7
            8759.     2.136376E-7
            8760.     2.372377E-7
            8761.     2.133902E-7
            8762.     1.895702E-7
            8763.     1.657775E-7
         8763.999     1.420356E-7
            8765.     1.182748E-7
            8766.     9.456466E-8
            8767.     7.088210E-8
            8768.     4.722712E-8
            8769.     2.359974E-8
            8770.              0.
         8780.999     2.341041E-8
            8782.     4.683870E-8
         8782.999     7.019344E-8
            8784.     9.356588E-8
            8785.     1.168876E-7
            8786.     1.401814E-7
            8787.     1.634471E-7
            8788.     1.866849E-7
            8789.     2.098946E-7
            8790.     2.330762E-7
            8791.     2.329362E-7
            8792.     2.327961E-7
            8793.     2.326558E-7
            8794.     2.325155E-7
            8795.     2.323751E-7
         8796.001     2.322345E-7
            8797.     2.320941E-7
         8798.001     2.319532E-7
            8799.     2.318127E-7
            8800.     2.316718E-7
            8801.     2.083778E-7
            8802.     1.851119E-7
            8803.     1.618742E-7
            8804.     1.386646E-7
            8805.     1.154832E-7
            8806.     9.233003E-8
            8807.     6.920507E-8
         8807.999     4.613095E-8
            8809.     2.304005E-8
            8810.              0.
            8921.     2.139885E-8
            8922.     4.276738E-8
            8923.     6.410560E-8
            8924.     8.541345E-8
         8924.999     1.066702E-7
            8926.     1.279380E-7
            8927.     1.491547E-7
            8928.     1.703409E-7
            8929.     1.914965E-7
            8930.     2.126217E-7
            8931.     2.124694E-7
         8932.001     2.123169E-7
            8933.     2.121646E-7
            8934.     2.120121E-7
            8935.     2.118594E-7
            8936.     2.117066E-7
            8937.     2.115538E-7
         8938.001     2.114007E-7
            8939.     2.112479E-7
         8940.001     2.110740E-7
            8941.     1.898474E-7
         8941.999     1.686514E-7
            8943.     1.474445E-7
         8943.999     1.263096E-7
            8945.     1.051640E-7
            8946.     8.406975E-8
            8947.     6.300620E-8
            8948.     4.197337E-8
            8949.     2.097130E-8
            8950.              0.
            8991.     2.030214E-8
            8992.     4.057203E-8
            8993.     6.080967E-8
            8994.     8.101500E-8
         8995.001     1.012077E-7
         8995.999     1.213091E-7
            8997.     1.414371E-7
            8998.     1.615130E-7
            8999.     1.815566E-7
            9000.     2.015677E-7
            9001.     2.014132E-7
            9002.     2.012586E-7
         9003.001     2.011037E-7
            9004.     2.009492E-7
            9005.     2.007943E-7
            9006.     2.006394E-7
            9007.     2.004845E-7
            9008.     2.003294E-7
         9009.001     2.001741E-7
            9010.     2.000191E-7
            9011.     1.998637E-7
            9012.     1.997084E-7
            9013.     1.995529E-7
            9014.     1.993974E-7
         9014.999     1.992419E-7
            9016.     1.990861E-7
            9017.     1.989303E-7
            9018.     1.987744E-7
            9019.     1.986184E-7
            9020.     1.984624E-7
            9021.     1.784757E-7
         9022.001     1.585006E-7
         9022.999     1.386151E-7
            9024.     1.187025E-7
            9025.     9.884055E-8
            9026.     7.900984E-8
            9027.     5.921040E-8
         9028.001     3.942298E-8
            9029.     1.970546E-8
         9030.001              0.
         9210.001    1.633855E-11
            9211.     1.671762E-8
            9212.     3.340090E-8
            9213.     5.004983E-8
            9214.     6.666437E-8
            9215.     8.324452E-8
         9216.001     9.980637E-8
            9217.     1.163015E-7
            9218.     1.327783E-7
            9219.     1.492205E-7
         9219.999     1.656122E-7
            9221.     1.654558E-7
         9221.999     1.652835E-7
            9223.     1.651107E-7
            9224.     1.649381E-7
            9225.     1.647654E-7
            9226.     1.645925E-7
         9227.001     1.644195E-7
         9227.999     1.642468E-7
            9229.     1.640736E-7
            9230.     1.639004E-7
            9231.     1.473544E-7
            9232.     1.308431E-7
            9233.     1.143663E-7
            9234.     9.792416E-8
         9235.001     8.150067E-8
            9236.     6.514389E-8
            9237.     4.880579E-8
            9238.     3.250243E-8
            9239.     1.623382E-8
            9240.              0.
         9240.999     1.618321E-8
            9242.     3.236320E-8
            9243.     4.849254E-8
            9244.     6.458698E-8
            9245.     8.064654E-8
            9246.     9.667115E-8
         9246.999     1.126452E-7
            9248.     1.286155E-7
            9249.     1.445351E-7
            9250.     1.604198E-7
            9251.     1.442182E-7
            9252.     1.280520E-7
            9253.     1.119211E-7
         9254.001     9.581012E-8
         9254.999     7.978166E-8
            9256.     6.374167E-8
            9257.     4.775289E-8
            9258.     3.179967E-8
            9259.     1.588203E-8
            9260.              0.
         9290.999     1.529330E-8
            9292.     3.058035E-8
         9292.999     4.580146E-8
            9294.     6.101615E-8
            9295.     7.617977E-8
            9296.     9.130718E-8
            9297.     1.063983E-7
            9298.     1.214533E-7
            9299.     1.364719E-7
            9300.     1.514542E-7
            9301.     1.512729E-7
            9302.     1.510916E-7
            9303.     1.509101E-7
            9304.     1.507286E-7
            9305.     1.505470E-7
         9306.001     1.503651E-7
            9307.     1.501836E-7
         9308.001     1.500016E-7
            9309.     1.498198E-7
         9309.999     1.496380E-7
            9311.     1.345102E-7
         9311.999     1.194336E-7
            9313.     1.043640E-7
            9314.     8.934545E-8
            9315.     7.436335E-8
            9316.     5.941770E-8
            9317.     4.450852E-8
         9317.999     2.965032E-8
            9319.     1.479964E-8
            9320.              0.
            9331.     1.457980E-8
            9332.     2.912285E-8
            9333.     4.362914E-8
            9334.     5.809864E-8
            9335.     7.253134E-8
            9336.     8.692720E-8
         9336.999     1.012722E-7
            9338.     1.156083E-7
            9339.     1.298935E-7
            9340.     1.441418E-7
            9341.     1.439574E-7
            9342.     1.437729E-7
            9343.     1.435883E-7
         9344.001     1.434035E-7
         9344.999     1.432191E-7
            9346.     1.430341E-7
            9347.     1.428492E-7
            9348.     1.426643E-7
            9349.     1.424793E-7
            9350.     1.422941E-7
            9351.     1.278980E-7
         9352.001     1.135249E-7
            9353.     9.921680E-8
            9354.     8.493172E-8
            9355.     7.068368E-8
         9355.999     5.648657E-8
            9357.     4.229883E-8
            9358.     2.816207E-8
            9359.     1.406245E-8
            9360.              0.
         9380.999     1.363834E-8
            9382.     2.726578E-8
         9382.999     4.082912E-8
            9384.     5.438136E-8
            9385.     6.788277E-8
            9386.     8.134657E-8
            9387.     9.477269E-8
            9388.     1.081612E-7
            9389.     1.215119E-7
            9390.     1.348250E-7
            9391.     1.211730E-7
            9392.     1.075586E-7
            9393.     9.398182E-8
            9394.     8.044271E-8
            9395.     6.694127E-8
         9396.001     5.346438E-8
            9397.     4.005149E-8
         9398.001     2.665016E-8
            9399.     1.331271E-8
            9400.              0.
            9431.     1.270382E-8
            9432.     2.536932E-8
            9433.     3.799649E-8
            9434.     5.058528E-8
         9434.999     6.312347E-8
            9436.     7.564769E-8
            9437.     8.812126E-8
            9438.     1.005564E-7
            9439.     1.129530E-7
            9440.     1.253111E-7
            9441.     1.251188E-7
         9442.001     1.249262E-7
            9443.     1.247339E-7
            9444.     1.245414E-7
            9445.     1.243488E-7
            9446.     1.241561E-7
            9447.     1.239633E-7
            9448.     1.237705E-7
            9449.     1.235775E-7
            9450.     1.233845E-7
            9451.     1.108723E-7
         9451.999     9.841077E-8
            9453.     8.596349E-8
         9453.999     7.357909E-8
            9455.     6.120912E-8
            9456.     4.888990E-8
            9457.     3.660935E-8
            9458.     2.436751E-8
            9459.     1.216438E-8
            9460.              0.
         9791.001     6.839636E-9
            9792.     1.363559E-8
         9792.999     2.040124E-8
            9794.     2.714976E-8
         9794.999     3.385482E-8
            9796.     4.054267E-8
            9797.     4.719369E-8
            9798.     5.381445E-8
            9799.     6.040496E-8
            9800.     6.696526E-8
            9801.     6.013256E-8
            9802.     5.333017E-8
            9803.     4.655806E-8
            9804.     3.981624E-8
            9805.     3.310467E-8
            9806.     2.642334E-8
            9807.     1.977222E-8
         9808.001     1.314485E-8
            9809.     6.560569E-9
         9810.001              0.
            9841.     6.081233E-9
            9842.     1.213271E-8
            9843.     1.815446E-8
            9844.     2.414648E-8
            9845.     3.010881E-8
            9846.     3.604146E-8
         9846.999     4.193870E-8
            9848.     4.781780E-8
            9849.     5.366153E-8
            9850.     5.947566E-8
            9851.     5.932746E-8
            9852.     5.917931E-8
            9853.     5.903123E-8
         9854.001     5.888307E-8
            9855.     5.873526E-8
            9856.     5.858738E-8
            9857.     5.843955E-8
            9858.     5.829178E-8
            9859.     5.814407E-8
         9860.001     5.799063E-8
            9861.     5.206397E-8
            9862.     4.616108E-8
            9863.     4.028772E-8
         9863.999     3.444959E-8
            9865.     2.862958E-8
         9865.999     2.285040E-8
            9867.     1.708941E-8
            9868.     1.136352E-8
            9869.     5.667049E-9
            9870.              0.
         9881.001     5.496402E-9
            9882.     1.095286E-8
            9883.     1.638543E-8
            9884.     2.178879E-8
         9884.999     2.715772E-8
            9886.     3.250795E-8
            9887.     3.782378E-8
            9888.     4.311049E-8
            9889.     4.836807E-8
            9890.     5.359657E-8
         9890.999     5.345102E-8
            9892.     5.330526E-8
            9893.     5.315971E-8
            9894.     5.301421E-8
            9895.     5.286879E-8
            9896.     5.272343E-8
            9897.     5.257813E-8
         9898.001     5.243275E-8
            9899.     5.228772E-8
            9900.     5.214262E-8
            9901.     4.679781E-8
            9902.     4.148208E-8
            9903.     3.619537E-8
            9904.     3.093769E-8
            9905.     2.570902E-8
         9906.001     2.050426E-8
            9907.     1.533860E-8
            9908.     1.019682E-8
            9909.     5.083953E-9
         9909.999    4.950705E-12
            9911.              0.
         9971.001     4.204559E-9
            9972.     8.372851E-9
            9973.     1.251716E-8
            9974.     1.663342E-8
            9975.     2.072165E-8
            9976.     2.478187E-8
            9977.     2.881410E-8
            9978.     3.281836E-8
            9979.     3.679466E-8
            9980.     4.074305E-8
         9980.999     4.060333E-8
            9982.     4.046339E-8
            9983.     4.032367E-8
            9984.     4.018401E-8
            9985.     4.004442E-8
            9986.     3.990490E-8
            9987.     3.976543E-8
         9988.001     3.962590E-8
            9989.     3.948671E-8
            9990.     3.934746E-8
            9991.     3.528743E-8
            9992.     3.125530E-8
            9993.     2.725104E-8
            9994.     2.327464E-8
            9995.     1.932606E-8
         9996.001     1.540149E-8
            9997.     1.151234E-8
         9998.001     7.643384E-9
            9999.     3.809706E-9
         9999.999    3.706895E-12
           10001.              0.
           10011.     3.703335E-9
           10012.     7.389933E-9
           10013.     1.105982E-8
           10014.     1.471301E-8
           10015.     1.835308E-8
           10016.     2.196940E-8
           10017.     2.557264E-8
           10018.     2.915926E-8
           10019.     3.272930E-8
           10020.     3.628276E-8
           10021.     3.619964E-8
           10022.     3.611676E-8
           10023.     3.603387E-8
           10024.     3.595104E-8
           10025.     3.586828E-8
           10026.     3.578559E-8
           10027.     3.570305E-8
           10028.     3.562041E-8
           10029.     3.553792E-8
           10030.     3.545551E-8
           10031.     3.537318E-8
           10032.     3.529093E-8
           10033.     3.520874E-8
           10034.     3.512654E-8
           10035.     3.504465E-8
           10036.     3.496259E-8
           10037.     3.488068E-8
           10038.     3.479883E-8
           10039.     3.471705E-8
           10040.     3.463527E-8
           10041.     3.455373E-8
           10042.     3.447210E-8
           10043.     3.439069E-8
           10044.     3.430928E-8
           10045.     3.422793E-8
           10046.     3.414674E-8
           10047.     3.406545E-8
           10048.     3.398432E-8
           10049.     3.390324E-8
           10050.     3.382224E-8
           10051.     3.374133E-8
           10052.     3.366056E-8
           10053.     3.357971E-8
           10054.     3.349909E-8
           10055.     3.341837E-8
           10056.     3.333781E-8
           10057.     3.325730E-8
           10058.     3.317687E-8
           10059.     3.309644E-8
           10060.     3.301622E-8
           10061.     2.964241E-8
           10062.     2.628470E-8
           10063.     2.294307E-8
           10064.     1.961749E-8
           10065.     1.630794E-8
           10066.     1.301441E-8
           10067.     9.733676E-9
           10068.     6.475301E-9
           10069.     3.229685E-9
           10070.              0.
           10121.     2.825280E-9
           10122.     5.635379E-9
           10123.     8.430324E-9
           10124.     1.121013E-8
           10125.     1.397213E-8
           10126.     1.672443E-8
           10127.     1.945895E-8
           10128.     2.217843E-8
           10129.     2.488287E-8
           10130.     2.756953E-8
           10131.     2.474734E-8
           10132.     2.193475E-8
           10133.     1.914273E-8
           10134.     1.636303E-8
           10135.     1.359837E-8
           10136.     1.084874E-8
           10137.     8.114103E-9
           10138.     5.394449E-9
           10139.     2.689755E-9
           10140.              0.
           10161.     2.524774E-9
           10162.     5.039860E-9
           10163.     7.535461E-9
           10164.     1.002136E-8
           10165.     1.249028E-8
           10166.     1.494467E-8
           10167.     1.738455E-8
           10168.     1.981232E-8
           10169.     2.221854E-8
           10170.     2.461739E-8
           10171.     2.454497E-8
           10172.     2.447263E-8
           10173.     2.440035E-8
           10174.     2.432815E-8
           10175.     2.425601E-8
           10176.     2.418388E-8
           10177.     2.411195E-8
           10178.     2.404003E-8
           10179.     2.396817E-8
           10180.     2.389639E-8
           10181.     2.382468E-8
           10182.     2.375305E-8
           10183.     2.368148E-8
           10184.     2.360999E-8
           10185.     2.353856E-8
           10186.     2.346721E-8
           10187.     2.339592E-8
           10188.     2.332478E-8
           10189.     2.325356E-8
           10190.     2.318249E-8
           10191.     2.311149E-8
           10192.     2.304057E-8
           10193.     2.296971E-8
           10194.     2.289892E-8
           10195.     2.282814E-8
           10196.     2.275763E-8
           10197.     2.268699E-8
           10198.     2.261648E-8
           10199.     2.254605E-8
           10200.     2.247568E-8
           10201.     2.016486E-8
           10202.     1.786815E-8
           10203.     1.558330E-8
           10204.     1.331698E-8
           10205.     1.106248E-8
           10206.     8.822007E-9
           10207.     6.597712E-9
           10208.     4.383071E-9
           10209.     2.184563E-9
           10210.              0.
           10241.     1.965202E-9
           10242.     3.916927E-9
           10243.     5.855201E-9
           10244.     7.780040E-9
           10245.     9.691468E-9
           10246.     1.158951E-8
           10247.     1.347601E-8
           10248.     1.534549E-8
           10249.     1.720529E-8
           10250.     1.904817E-8
           10251.     1.898144E-8
           10252.     1.891477E-8
           10253.     1.884824E-8
           10254.     1.878165E-8
           10255.     1.871519E-8
           10256.     1.864881E-8
           10257.     1.858250E-8
           10258.     1.851625E-8
           10259.     1.845014E-8
           10260.     1.838398E-8
           10261.     1.831795E-8
           10262.     1.825200E-8
           10263.     1.818611E-8
           10264.     1.812030E-8
           10265.     1.805456E-8
           10266.     1.798882E-8
           10267.     1.792335E-8
           10268.     1.785775E-8
           10269.     1.779229E-8
           10270.     1.772690E-8
           10271.     1.766158E-8
           10272.     1.759634E-8
           10273.     1.753116E-8
           10274.     1.746600E-8
           10275.     1.740103E-8
           10276.     1.733613E-8
           10277.     1.727118E-8
           10278.     1.720642E-8
           10279.     1.714161E-8
           10280.     1.707693E-8
           10281.     1.531109E-8
           10282.     1.355823E-8
           10283.     1.181833E-8
           10284.     1.009136E-8
           10285.     8.377306E-9
           10286.     6.677801E-9
           10287.     4.987855E-9
           10288.     3.312415E-9
           10289.     1.649803E-9
           10290.              0.
           10381.     1.091106E-9
           10382.     2.170727E-9
           10383.     3.239925E-9
           10384.     4.295607E-9
           10385.     5.340907E-9
           10386.     6.374810E-9
           10387.     7.397335E-9
           10388.     8.408506E-9
           10389.     9.409312E-9
           10390.     1.039687E-8
           10391.     9.306081E-9
           10392.     8.226712E-9
           10393.     7.159767E-9
           10394.     6.102118E-9
           10395.     5.057869E-9
           10396.     4.022916E-9
           10397.     3.000282E-9
           10398.     1.988933E-9
           10399.    9.888461E-10
           10400.              0.
           10421.    8.669990E-10
           10422.     1.723084E-9
           10423.     2.568280E-9
           10424.     3.402603E-9
           10425.     4.226079E-9
           10426.     5.038729E-9
           10427.     5.841348E-9
           10428.     6.631627E-9
           10429.     7.411923E-9
           10430.     8.181474E-9
           10431.     8.127552E-9
           10432.     8.073700E-9
           10433.     8.019921E-9
           10434.     7.966211E-9
           10435.     7.912520E-9
           10436.     7.859008E-9
           10437.     7.805513E-9
           10438.     7.752088E-9
           10439.     7.698788E-9
           10440.     7.645454E-9
           10441.     6.833020E-9
           10442.     6.031287E-9
           10443.     5.240229E-9
           10444.     4.459828E-9
           10445.     3.690061E-9
           10446.     2.930172E-9
           10447.     2.183072E-9
           10448.     1.444356E-9
           10449.    7.169140E-10
           10450.              0.
           10571.    3.854977E-10
           10572.    7.682738E-10
           10573.     1.149457E-9
           10574.     1.528676E-9
           10575.     1.905567E-9
           10576.     2.281234E-9
           10577.     2.654579E-9
           10578.     3.025973E-9
           10579.     3.395418E-9
           10580.     3.762920E-9
           10581.     3.753173E-9
           10582.     3.743419E-9
           10583.     3.733684E-9
           10584.     3.723962E-9
           10585.     3.714250E-9
           10586.     3.704549E-9
           10587.     3.694860E-9
           10588.     3.685171E-9
           10589.     3.675513E-9
           10590.     3.665857E-9
           10591.     3.656211E-9
           10592.     3.646576E-9
           10593.     3.636953E-9
           10594.     3.627340E-9
           10595.     3.617739E-9
           10596.     3.608139E-9
           10597.     3.598569E-9
           10598.     3.589002E-9
           10599.     3.579443E-9
           10600.     3.569908E-9
           10601.     3.560362E-9
           10602.     3.550839E-9
           10603.     3.541326E-9
           10604.     3.531824E-9
           10605.     3.522334E-9
           10606.     3.512855E-9
           10607.     3.503376E-9
           10608.     3.493937E-9
           10609.     3.484481E-9
           10610.     3.475046E-9
           10611.     3.465622E-9
           10612.     3.456209E-9
           10613.     3.446806E-9
           10614.     3.437415E-9
           10615.     3.428025E-9
           10616.     3.418666E-9
           10617.     3.409308E-9
           10618.     3.399961E-9
           10619.     3.390625E-9
           10620.     3.381300E-9
           10621.     3.371987E-9
           10622.     3.362684E-9
           10623.     3.353393E-9
           10624.     3.344112E-9
           10625.     3.334843E-9
           10626.     3.325585E-9
           10627.     3.316347E-9
           10628.     3.307102E-9
           10629.     3.297877E-9
           10630.     3.288663E-9
           10631.     2.951514E-9
           10632.     2.616215E-9
           10633.     2.282761E-9
           10634.     1.950827E-9
           10635.     1.621379E-9
           10636.     1.293444E-9
           10637.    9.673423E-10
           10638.    6.430698E-10
           10639.    3.206234E-10
           10640.              0.
           10661.    3.011450E-10
           10662.    5.999321E-10
           10663.    8.972437E-10
           10664.     1.192790E-9
           10665.     1.486574E-9
           10666.     1.778600E-9
           10667.     2.068870E-9
           10668.     2.357389E-9
           10669.     2.644158E-9
           10670.     2.929183E-9
           10671.     2.920431E-9
           10672.     2.911674E-9
           10673.     2.902936E-9
           10674.     2.894210E-9
           10675.     2.885494E-9
           10676.     2.876790E-9
           10677.     2.868096E-9
           10678.     2.859405E-9
           10679.     2.850751E-9
           10680.     2.842083E-9
           10681.     2.550090E-9
           10682.     2.259837E-9
           10683.     1.971318E-9
           10684.     1.684532E-9
           10685.     1.399474E-9
           10686.     1.115866E-9
           10687.    8.345314E-10
           10688.    5.546401E-10
           10689.    2.764640E-10
           10690.    2.691503E-13
           10691.              0.
           10701.    2.662780E-10
           10702.    5.308726E-10
           10703.    7.937874E-10
           10704.     1.055026E-9
           10705.     1.314843E-9
           10706.     1.572485E-9
           10707.     1.828714E-9
           10708.     2.083279E-9
           10709.     2.336184E-9
           10710.     2.587432E-9
           10711.     2.320945E-9
           10712.     2.056649E-9
           10713.     1.793762E-9
           10714.     1.532540E-9
           10715.     1.273234E-9
           10716.     1.015081E-9
           10717.    7.590847E-10
           10718.    5.042425E-10
           10719.    2.512985E-10
           10720.              0.
           10781.    2.024541E-10
           10782.    4.034023E-10
           10783.    6.028484E-10
           10784.    8.007954E-10
           10785.    9.972467E-10
           10786.     1.192206E-9
           10787.     1.385676E-9
           10788.     1.577473E-9
           10789.     1.768162E-9
           10790.     1.957185E-9
           10791.     1.949757E-9
           10792.     1.942339E-9
           10793.     1.934933E-9
           10794.     1.927538E-9
           10795.     1.920147E-9
           10796.     1.912781E-9
           10797.     1.905419E-9
           10798.     1.898069E-9
           10799.     1.890729E-9
           10800.     1.883401E-9
           10801.     1.876076E-9
           10802.     1.868777E-9
           10803.     1.861475E-9
           10804.     1.854199E-9
           10805.     1.846933E-9
           10806.     1.839664E-9
           10807.     1.832420E-9
           10808.     1.825174E-9
           10809.     1.817945E-9
           10810.     1.810728E-9
           10811.     1.803522E-9
           10812.     1.796327E-9
           10813.     1.789142E-9
           10814.     1.781970E-9
           10815.     1.774808E-9
           10816.     1.767657E-9
           10817.     1.760518E-9
           10818.     1.753390E-9
           10819.     1.746272E-9
           10820.     1.739159E-9
           10821.     1.732071E-9
           10822.     1.724980E-9
           10823.     1.717915E-9
           10824.     1.710853E-9
           10825.     1.703802E-9
           10826.     1.696763E-9
           10827.     1.689735E-9
           10828.     1.682718E-9
           10829.     1.675712E-9
           10830.     1.668717E-9
           10831.     1.661733E-9
           10832.     1.654767E-9
           10833.     1.647798E-9
           10834.     1.640848E-9
           10835.     1.633909E-9
           10836.     1.626981E-9
           10837.     1.620063E-9
           10838.     1.613157E-9
           10839.     1.606255E-9
           10840.     1.599378E-9
           10841.     1.592506E-9
           10842.     1.585644E-9
           10843.     1.578794E-9
           10844.     1.571955E-9
           10845.     1.565127E-9
           10846.     1.558310E-9
           10847.     1.551497E-9
           10848.     1.544709E-9
           10849.     1.537919E-9
           10850.     1.531152E-9
           10851.     1.524398E-9
           10852.     1.517641E-9
           10853.     1.510902E-9
           10854.     1.504174E-9
           10855.     1.497457E-9
           10856.     1.490751E-9
           10857.     1.484057E-9
           10858.     1.477366E-9
           10859.     1.470707E-9
           10860.     1.464039E-9
           10861.     1.311650E-9
           10862.     1.160600E-9
           10863.     1.010885E-9
           10864.    8.625034E-10
           10865.    7.154498E-10
           10866.    5.695804E-10
           10867.    4.253165E-10
           10868.    2.822299E-10
           10869.    1.404588E-10
           10870.              0.
           10971.    7.938518E-11
           10972.    1.576876E-10
           10973.    2.349106E-10
           10974.    3.110576E-10
           10975.    3.861319E-10
           10976.    4.600651E-10
           10977.    5.330757E-10
           10978.    6.049520E-10
           10979.    6.757688E-10
           10980.    7.455296E-10
           10981.    7.402113E-10
           10982.    7.349145E-10
           10983.    7.296183E-10
           10984.    7.243440E-10
           10985.    7.190752E-10
           10986.    7.138178E-10
           10987.    7.085715E-10
           10988.    7.033362E-10
           10989.    6.981122E-10
           10990.    6.928992E-10
           10991.    6.876975E-10
           10992.    6.825067E-10
           10993.    6.773323E-10
           10994.    6.721589E-10
           10995.    6.670068E-10
           10996.    6.618559E-10
           10997.    6.567210E-10
           10998.    6.515974E-10
           10999.    6.464850E-10
           11000.              0.
