#  Table wf3fquvnsys.tab  Mon 12:23:15 02-Jun-97

#      WAVELENGTH      THROUGHPUT
#       angstroms                

            1215     0.
            1216.     2.383216E-8
            1217.     2.410506E-8
            1218.     2.437986E-8
            1219.     2.465656E-8
            1220.     2.493519E-8
            1221.     2.515861E-8
            1222.     2.538338E-8
            1223.     2.560949E-8
            1224.     2.583696E-8
            1225.     2.606581E-8
            1226.     2.629602E-8
            1227.     2.652759E-8
            1228.     2.676055E-8
            1229.     2.699490E-8
            1230.     2.723063E-8
            1231.     2.741652E-8
            1232.     2.760332E-8
            1233.     2.779103E-8
            1234.     2.797966E-8
            1235.     2.816919E-8
            1236.     2.835964E-8
            1237.     2.855102E-8
            1238.     2.874331E-8
            1239.     2.893652E-8
            1240.     2.913068E-8
            1241.     2.928451E-8
            1242.     2.943893E-8
            1243.     2.959395E-8
            1244.     2.974955E-8
            1245.     2.990577E-8
            1246.     3.006257E-8
            1247.     3.021999E-8
            1248.     3.037800E-8
            1249.     3.053660E-8
            1250.     3.069581E-8
            1251.     3.082506E-8
            1252.     3.095470E-8
            1253.     3.108472E-8
            1254.     3.121514E-8
            1255.     3.134595E-8
            1256.     3.147716E-8
            1257.     3.160875E-8
            1258.     3.174074E-8
            1259.     3.187312E-8
            1260.     3.200591E-8
            1261.     3.211377E-8
            1262.     3.222187E-8
            1263.     3.233021E-8
            1264.     3.243880E-8
            1265.     3.254763E-8
            1266.     3.265671E-8
            1267.     3.276602E-8
            1268.     3.287558E-8
            1269.     3.298538E-8
            1270.     3.309542E-8
            1271.     3.318432E-8
            1272.     3.327335E-8
            1273.     3.336251E-8
            1274.     3.345180E-8
            1275.     3.354123E-8
            1276.     3.363078E-8
            1277.     3.372047E-8
            1278.     3.381029E-8
            1279.     3.390024E-8
            1280.     3.399031E-8
            1281.     3.406377E-8
            1282.     3.413728E-8
            1283.     3.421084E-8
            1284.     3.428446E-8
            1285.     3.435812E-8
            1286.     3.443185E-8
            1287.     3.450562E-8
            1288.     3.457946E-8
            1289.     3.465334E-8
            1290.     3.472728E-8
            1291.     3.478916E-8
            1292.     3.485105E-8
            1293.     3.491294E-8
            1294.     3.497482E-8
            1295.     3.503673E-8
            1296.     3.509863E-8
            1297.     3.516053E-8
            1298.     3.522244E-8
            1299.     3.528434E-8
            1300.     3.534625E-8
            1301.     3.540053E-8
            1302.     3.545476E-8
            1303.     3.550898E-8
            1304.     3.556316E-8
            1305.     3.561732E-8
            1306.     3.567146E-8
            1307.     3.572556E-8
            1308.     3.577964E-8
            1309.     3.583368E-8
            1310.     3.588770E-8
            1311.     3.593569E-8
            1312.     3.598362E-8
            1313.     3.603152E-8
            1314.     3.607935E-8
            1315.     3.612714E-8
            1316.     3.617488E-8
            1317.     3.622257E-8
            1318.     3.627019E-8
            1319.     3.631776E-8
            1320.     3.636529E-8
            1321.     3.640798E-8
            1322.     3.645060E-8
            1323.     3.649315E-8
            1324.     3.653562E-8
            1325.     3.657803E-8
            1326.     3.662037E-8
            1327.     3.666262E-8
            1328.     3.670481E-8
            1329.     3.674693E-8
            1330.     3.678897E-8
            1331.     3.682662E-8
            1332.     3.686418E-8
            1333.     3.690166E-8
            1334.     3.693905E-8
            1335.     3.697634E-8
            1336.     3.701355E-8
            1337.     3.705066E-8
            1338.     3.708769E-8
            1339.     3.712461E-8
            1340.     3.716147E-8
            1341.     3.719530E-8
            1342.     3.722904E-8
            1343.     3.726267E-8
            1344.     3.729620E-8
            1345.     3.732962E-8
            1346.     3.736295E-8
            1347.     3.739618E-8
            1348.     3.742930E-8
            1349.     3.746231E-8
            1350.     3.749523E-8
            1351.     3.752590E-8
            1352.     3.755646E-8
            1353.     3.758691E-8
            1354.     3.761726E-8
            1355.     3.764220E-8
            1356.     3.766703E-8
            1357.     3.769175E-8
            1358.     3.771637E-8
            1359.     3.774089E-8
            1360.     3.776530E-8
            1361.     3.778839E-8
            1362.     3.781139E-8
            1363.     3.783425E-8
            1364.     3.785702E-8
            1365.     3.787967E-8
            1366.     3.790223E-8
            1367.     3.792465E-8
            1368.     3.794697E-8
            1369.     3.796918E-8
            1370.     3.799127E-8
            1371.     3.801321E-8
            1372.     3.803503E-8
            1373.     3.805674E-8
            1374.     3.807834E-8
            1375.     3.809981E-8
            1376.     3.812119E-8
            1377.     3.814244E-8
            1378.     3.816359E-8
            1379.     3.818462E-8
            1380.     3.820554E-8
            1381.     3.822709E-8
            1382.     3.824853E-8
            1383.     3.826985E-8
            1384.     3.829107E-8
            1385.     3.831217E-8
            1386.     3.833316E-8
            1387.     3.835404E-8
            1388.     3.837481E-8
            1389.     3.839547E-8
            1390.     3.841602E-8
            1391.     3.843835E-8
            1392.     3.846056E-8
            1393.     3.848269E-8
            1394.     3.850471E-8
            1395.     3.852660E-8
            1396.     3.854841E-8
            1397.     3.857010E-8
            1398.     3.859170E-8
            1399.     3.861318E-8
            1400.     3.863456E-8
            1401.     3.865834E-8
            1402.     3.868200E-8
            1403.     3.870559E-8
            1404.     3.872907E-8
            1405.     3.875245E-8
            1406.     3.877573E-8
            1407.     3.879891E-8
            1408.     3.882200E-8
            1409.     3.884498E-8
            1410.     3.886787E-8
            1411.     3.889193E-8
            1412.     3.891590E-8
            1413.     3.893976E-8
            1414.     3.896353E-8
            1415.     3.898721E-8
            1416.     3.901080E-8
            1417.     3.903429E-8
            1418.     3.905768E-8
            1419.     3.908097E-8
            1420.     3.910418E-8
            1421.     3.912673E-8
            1422.     3.914918E-8
            1423.     3.917154E-8
            1424.     3.919380E-8
            1425.     3.921597E-8
            1426.     3.923804E-8
            1427.     3.926001E-8
            1428.     3.928189E-8
            1429.     3.930365E-8
            1430.     3.932535E-8
            1431.     3.934505E-8
            1432.     3.936467E-8
            1433.     3.938418E-8
            1434.     3.940358E-8
            1435.     3.942290E-8
            1436.     3.944210E-8
            1437.     3.946120E-8
            1438.     3.948021E-8
            1439.     3.949910E-8
            1440.     3.951791E-8
            1441.     3.953289E-8
            1442.     3.954778E-8
            1443.     3.956256E-8
            1444.     3.957722E-8
            1445.     3.959177E-8
            1446.     3.960621E-8
            1447.     3.962054E-8
            1448.     3.963476E-8
            1449.     3.964886E-8
            1450.     3.966286E-8
            1451.     3.967116E-8
            1452.     3.967935E-8
            1453.     3.968740E-8
            1454.     3.969534E-8
            1455.     3.970315E-8
            1456.     3.971084E-8
            1457.     3.971840E-8
            1458.     3.972583E-8
            1459.     3.973314E-8
            1460.     3.974032E-8
            1461.     3.974052E-8
            1462.     3.974058E-8
            1463.     3.974049E-8
            1464.     3.974026E-8
            1465.     3.973990E-8
            1466.     3.973939E-8
            1467.     3.973875E-8
            1468.     3.973796E-8
            1469.     3.973703E-8
            1470.     3.973597E-8
            1471.     3.972590E-8
            1472.     3.971568E-8
            1473.     3.970530E-8
            1474.     3.969477E-8
            1475.     3.968407E-8
            1476.     3.967323E-8
            1477.     3.966221E-8
            1478.     3.965105E-8
            1479.     3.963971E-8
            1480.     3.962824E-8
            1481.     3.960633E-8
            1482.     3.958426E-8
            1483.     3.956200E-8
            1484.     3.953957E-8
            1485.     3.951697E-8
            1486.     3.949418E-8
            1487.     3.947122E-8
            1488.     3.949670E-8
            1489.     3.952185E-8
            1490.     3.954667E-8
            1491.     3.955929E-8
            1492.     3.957153E-8
            1493.     3.958339E-8
            1494.     3.959487E-8
            1495.     3.960596E-8
            1496.     3.961668E-8
            1497.     3.962700E-8
            1498.     3.963695E-8
            1499.     3.964652E-8
            1500.     3.965570E-8
            1501.     3.963297E-8
            1502.     3.960971E-8
            1503.     3.958597E-8
            1504.     3.956172E-8
            1505.     3.953695E-8
            1506.     3.951169E-8
            1507.     3.948592E-8
            1508.     3.945965E-8
            1509.     3.943287E-8
            1510.     3.940559E-8
            1511.     3.936852E-8
            1512.     3.933091E-8
            1513.     3.929277E-8
            1514.     3.925410E-8
            1515.     3.921490E-8
            1516.     3.917517E-8
            1517.     3.913491E-8
            1518.     3.909414E-8
            1519.     3.905282E-8
            1520.     3.901098E-8
            1521.     3.896304E-8
            1522.     3.891457E-8
            1523.     3.886555E-8
            1524.     3.881599E-8
            1525.     3.876590E-8
            1526.     3.871526E-8
            1527.     3.866408E-8
            1528.     3.861238E-8
            1529.     3.856013E-8
            1530.     3.850735E-8
            1531.     3.845154E-8
            1532.     3.839519E-8
            1533.     3.833830E-8
            1534.     3.828086E-8
            1535.     3.822289E-8
            1536.     3.816439E-8
            1537.     3.810534E-8
            1538.     3.804578E-8
            1539.     3.798567E-8
            1540.     3.792502E-8
            1541.     3.786488E-8
            1542.     3.780422E-8
            1543.     3.774302E-8
            1544.     3.768130E-8
            1545.     3.761906E-8
            1546.     3.750192E-8
            1547.     3.738468E-8
            1548.     3.726731E-8
            1549.     3.714981E-8
            1550.     3.703219E-8
            1551.     3.691846E-8
            1552.     3.680462E-8
            1553.     3.669065E-8
            1554.     3.657655E-8
            1555.     3.646236E-8
            1556.     3.634804E-8
            1557.     3.623360E-8
            1558.     3.611904E-8
            1559.     3.600437E-8
            1560.     3.588957E-8
            1561.     3.578183E-8
            1562.     3.567397E-8
            1563.     3.556599E-8
            1564.     3.545789E-8
            1565.     3.534968E-8
            1566.     3.524136E-8
            1567.     3.513292E-8
            1568.     3.502438E-8
            1569.     3.491571E-8
            1570.     3.480694E-8
            1571.     3.470756E-8
            1572.     3.460806E-8
            1573.     3.450846E-8
            1574.     3.440875E-8
            1575.     3.430891E-8
            1576.     3.420897E-8
            1577.     3.410892E-8
            1578.     3.400876E-8
            1579.     3.390848E-8
            1580.     3.380809E-8
            1581.     3.372000E-8
            1582.     3.363180E-8
            1583.     3.354350E-8
            1584.     3.345508E-8
            1585.     3.336656E-8
            1586.     3.327792E-8
            1587.     3.318917E-8
            1588.     3.310031E-8
            1589.     3.301134E-8
            1590.     3.292227E-8
            1591.     3.284757E-8
            1592.     3.277274E-8
            1593.     3.269782E-8
            1594.     3.262279E-8
            1595.     3.254765E-8
            1596.     3.247240E-8
            1597.     3.239704E-8
            1598.     3.232158E-8
            1599.     3.224601E-8
            1600.     3.217033E-8
            1601.     3.211100E-8
            1602.     3.205158E-8
            1603.     3.199205E-8
            1604.     3.193241E-8
            1605.     3.187267E-8
            1606.     3.181283E-8
            1607.     3.175289E-8
            1608.     3.169285E-8
            1609.     3.163269E-8
            1610.     3.157244E-8
            1611.     3.152935E-8
            1612.     3.148616E-8
            1613.     3.144288E-8
            1614.     3.139950E-8
            1615.     3.135603E-8
            1616.     3.131246E-8
            1617.     3.126879E-8
            1618.     3.122504E-8
            1619.     3.118118E-8
            1620.     3.113723E-8
            1621.     3.111088E-8
            1622.     3.108443E-8
            1623.     3.105791E-8
            1624.     3.103130E-8
            1625.     3.100461E-8
            1626.     3.097784E-8
            1627.     3.095098E-8
            1628.     3.092405E-8
            1629.     3.089702E-8
            1630.     3.086992E-8
            1631.     3.086077E-8
            1632.     3.085156E-8
            1633.     3.084228E-8
            1634.     3.083294E-8
            1635.     3.082353E-8
            1636.     3.081406E-8
            1637.     3.080453E-8
            1638.     3.079493E-8
            1639.     3.078527E-8
            1640.     3.077554E-8
            1641.     3.078446E-8
            1642.     3.079335E-8
            1643.     3.080220E-8
            1644.     3.081101E-8
            1645.     3.081979E-8
            1646.     3.082853E-8
            1647.     3.083723E-8
            1648.     3.084591E-8
            1649.     3.086906E-8
            1650.     3.089219E-8
            1651.     3.093448E-8
            1652.     3.097677E-8
            1653.     3.101907E-8
            1654.     3.106138E-8
            1655.     3.110371E-8
            1656.     3.114605E-8
            1657.     3.118839E-8
            1658.     3.123075E-8
            1659.     3.127311E-8
            1660.     3.131549E-8
            1661.     3.137568E-8
            1662.     3.143594E-8
            1663.     3.149627E-8
            1664.     3.155667E-8
            1665.     3.161713E-8
            1666.     3.167768E-8
            1667.     3.173830E-8
            1668.     3.179898E-8
            1669.     3.185972E-8
            1670.     3.192055E-8
            1671.     3.199738E-8
            1672.     3.207434E-8
            1673.     3.215143E-8
            1674.     3.222866E-8
            1675.     3.230600E-8
            1676.     3.238349E-8
            1677.     3.246111E-8
            1678.     3.253886E-8
            1679.     3.261674E-8
            1680.     3.269476E-8
            1681.     3.278703E-8
            1682.     3.287950E-8
            1683.     3.297215E-8
            1684.     3.306500E-8
            1685.     3.315805E-8
            1686.     3.325130E-8
            1687.     3.334473E-8
            1688.     3.343834E-8
            1689.     3.353214E-8
            1690.     3.362615E-8
            1691.     3.373264E-8
            1692.     3.383937E-8
            1693.     3.394634E-8
            1694.     3.405356E-8
            1695.     3.416105E-8
            1696.     3.426878E-8
            1697.     3.437676E-8
            1698.     3.448499E-8
            1699.     3.459348E-8
            1700.     3.470223E-8
            1701.     3.482187E-8
            1702.     3.494183E-8
            1703.     3.506208E-8
            1704.     3.518265E-8
            1705.     3.530352E-8
            1706.     3.542470E-8
            1707.     3.554618E-8
            1708.     3.566796E-8
            1709.     3.579006E-8
            1710.     3.591247E-8
            1711.     3.604451E-8
            1712.     3.617691E-8
            1713.     3.630970E-8
            1714.     3.644281E-8
            1715.     3.657629E-8
            1716.     3.671012E-8
            1717.     3.684432E-8
            1718.     3.697887E-8
            1719.     3.711379E-8
            1720.     3.724906E-8
            1721.     3.739220E-8
            1722.     3.753571E-8
            1723.     3.767966E-8
            1724.     3.782400E-8
            1725.     3.796874E-8
            1726.     3.811389E-8
            1727.     3.825943E-8
            1728.     3.840538E-8
            1729.     3.855174E-8
            1730.     3.869851E-8
            1731.     3.885197E-8
            1732.     3.900589E-8
            1733.     3.916024E-8
            1734.     3.931502E-8
            1735.     3.947025E-8
            1736.     3.962592E-8
            1737.     3.978205E-8
            1738.     3.993861E-8
            1739.     4.009562E-8
            1740.     4.025307E-8
            1741.     4.041583E-8
            1742.     4.057907E-8
            1743.     4.074276E-8
            1744.     4.090694E-8
            1745.     4.107159E-8
            1746.     4.123672E-8
            1747.     4.140234E-8
            1748.     4.156843E-8
            1749.     4.173500E-8
            1750.     4.190205E-8
            1751.     4.203565E-8
            1752.     4.216950E-8
            1753.     4.230361E-8
            1754.     4.243800E-8
            1755.     4.257265E-8
            1756.     4.270757E-8
            1757.     4.284274E-8
            1758.     4.297821E-8
            1759.     4.311394E-8
            1760.     4.324992E-8
            1761.     4.338906E-8
            1762.     4.352845E-8
            1763.     4.366814E-8
            1764.     4.380811E-8
            1765.     4.394835E-8
            1766.     4.408886E-8
            1767.     4.422966E-8
            1768.     4.437075E-8
            1769.     4.451211E-8
            1770.     4.465375E-8
            1771.     4.479853E-8
            1772.     4.494362E-8
            1773.     4.508898E-8
            1774.     4.523466E-8
            1775.     4.538061E-8
            1776.     4.552685E-8
            1777.     4.567339E-8
            1778.     4.582022E-8
            1779.     4.596734E-8
            1780.     4.611476E-8
            1781.     4.626514E-8
            1782.     4.641584E-8
            1783.     4.656682E-8
            1784.     4.671812E-8
            1785.     4.686972E-8
            1786.     4.702163E-8
            1787.     4.717383E-8
            1788.     4.732635E-8
            1789.     4.747915E-8
            1790.     4.763230E-8
            1791.     4.778862E-8
            1792.     4.794527E-8
            1793.     4.810225E-8
            1794.     4.825954E-8
            1795.     4.841714E-8
            1796.     4.857507E-8
            1797.     4.873330E-8
            1798.     4.889187E-8
            1799.     4.905073E-8
            1800.     4.920993E-8
            1801.     4.937190E-8
            1802.     4.953420E-8
            1803.     4.969682E-8
            1804.     4.985978E-8
            1805.     5.002306E-8
            1806.     5.018667E-8
            1807.     5.035062E-8
            1808.     5.051488E-8
            1809.     5.067948E-8
            1810.     5.084441E-8
            1811.     5.101246E-8
            1812.     5.118085E-8
            1813.     5.134958E-8
            1814.     5.151865E-8
            1815.     5.168804E-8
            1816.     5.185782E-8
            1817.     5.202791E-8
            1818.     5.219836E-8
            1819.     5.236913E-8
            1820.     5.254026E-8
            1821.     5.271440E-8
            1822.     5.288887E-8
            1823.     5.306371E-8
            1824.     5.323891E-8
            1825.     5.341445E-8
            1826.     5.359036E-8
            1827.     5.376660E-8
            1828.     5.394321E-8
            1829.     5.412016E-8
            1830.     5.429748E-8
            1831.     5.447790E-8
            1832.     5.465868E-8
            1833.     5.483983E-8
            1834.     5.502134E-8
            1835.     5.520322E-8
            1836.     5.538547E-8
            1837.     5.556809E-8
            1838.     5.575107E-8
            1839.     5.593441E-8
            1840.     5.611813E-8
            1841.     5.630484E-8
            1842.     5.649192E-8
            1843.     5.667938E-8
            1844.     5.686722E-8
            1845.     5.705544E-8
            1846.     5.724403E-8
            1847.     5.743301E-8
            1848.     5.762236E-8
            1849.     5.781210E-8
            1850.     5.800221E-8
            1851.     5.819543E-8
            1852.     5.838904E-8
            1853.     5.858304E-8
            1854.     5.877742E-8
            1855.     5.897219E-8
            1856.     5.916738E-8
            1857.     5.936294E-8
            1858.     5.955889E-8
            1859.     5.975523E-8
            1860.     5.995198E-8
            1861.     6.015193E-8
            1862.     6.035233E-8
            1863.     6.055311E-8
            1864.     6.075429E-8
            1865.     6.095587E-8
            1866.     6.115787E-8
            1867.     6.136026E-8
            1868.     6.156307E-8
            1869.     6.176628E-8
            1870.     6.196990E-8
            1871.     6.217661E-8
            1872.     6.238373E-8
            1873.     6.259129E-8
            1874.     6.279926E-8
            1875.     6.300764E-8
            1876.     6.321645E-8
            1877.     6.342565E-8
            1878.     6.363531E-8
            1879.     6.384536E-8
            1880.     6.402890E-8
            1881.     6.421545E-8
            1882.     6.440227E-8
            1883.     6.458932E-8
            1884.     6.477664E-8
            1885.     6.496418E-8
            1886.     6.515202E-8
            1887.     6.534006E-8
            1888.     6.552838E-8
            1889.     6.571693E-8
            1890.     6.590572E-8
            1891.     6.609741E-8
            1892.     6.628935E-8
            1893.     6.648152E-8
            1894.     6.667398E-8
            1895.     6.686666E-8
            1896.     6.705962E-8
            1897.     6.725282E-8
            1898.     6.744628E-8
            1899.     6.763998E-8
            1900.     6.783395E-8
            1901.     6.803116E-8
            1902.     6.822863E-8
            1903.     6.842635E-8
            1904.     6.862434E-8
            1905.     6.882258E-8
            1906.     6.902109E-8
            1907.     6.921985E-8
            1908.     6.941889E-8
            1909.     6.961817E-8
            1910.     6.981689E-8
            1911.     6.298341E-8
            1912.     5.611642E-8
            1913.     4.921669E-8
            1914.     4.228419E-8
            1915.     3.531893E-8
            1916.     2.832086E-8
            1917.     2.128995E-8
            1918.     1.422705E-8
            1919.     7.129548E-9
            1920.              0.
            2001.     8.589226E-9
            2002.     1.722058E-8
            2003.     2.589836E-8
            2004.     3.461839E-8
            2005.     4.338395E-8
            2006.     5.219296E-8
            2007.     6.104872E-8
            2008.     6.994917E-8
            2009.     7.889220E-8
            2010.     8.788115E-8
            2011.     7.929486E-8
            2012.     7.066392E-8
            2013.     6.198826E-8
            2014.     5.326673E-8
            2015.     4.450246E-8
            2016.     3.569217E-8
            2017.     2.683793E-8
            2018.     1.793643E-8
            2019.     8.989744E-9
            2020.              0.
            3380.    8.981524E-12
            3381.     3.677167E-8
            3382.     7.357283E-8
            3383.     1.104215E-7
            3384.     1.473176E-7
            3385.     1.842433E-7
            3386.     2.212165E-7
            3387.     2.582103E-7
            3388.     2.952516E-7
            3389.     3.323316E-7
            3390.     3.694501E-7
            3391.     3.696444E-7
            3392.     3.698388E-7
            3393.     3.700332E-7
            3394.     3.702277E-7
            3395.     3.704222E-7
            3396.     3.706167E-7
            3397.     3.708114E-7
            3398.     3.710061E-7
            3399.     3.712008E-7
            3400.     3.713955E-7
            3401.     3.715907E-7
            3402.     3.717860E-7
            3403.     3.719813E-7
            3404.     3.721767E-7
            3405.     3.723721E-7
            3406.     3.725676E-7
            3407.     3.727631E-7
            3408.     3.729587E-7
            3409.     3.731543E-7
            3410.     3.733499E-7
            3411.     3.735462E-7
            3412.     3.737424E-7
            3413.     3.739386E-7
            3414.     3.741348E-7
            3415.     3.743312E-7
            3416.     3.745277E-7
            3417.     3.747241E-7
            3418.     3.749205E-7
            3419.     3.751171E-7
            3420.     3.753137E-7
            3421.     3.755120E-7
            3422.     3.757104E-7
            3423.     3.759087E-7
            3424.     3.761072E-7
            3425.     3.763058E-7
            3426.     3.765043E-7
            3427.     3.767030E-7
            3428.     3.769016E-7
            3429.     3.771003E-7
            3430.     3.772991E-7
            3431.     3.774994E-7
            3432.     3.777000E-7
            3433.     3.779004E-7
            3434.     3.781011E-7
            3435.     3.783018E-7
            3436.     3.785024E-7
            3437.     3.787030E-7
            3438.     3.789039E-7
            3439.     3.791046E-7
            3440.     3.793055E-7
            3441.     3.795070E-7
            3442.     3.797086E-7
            3443.     3.799101E-7
            3444.     3.801118E-7
            3445.     3.803135E-7
            3446.     3.805152E-7
            3447.     3.807169E-7
            3448.     3.809188E-7
            3449.     3.811205E-7
            3450.     3.813226E-7
            3451.     3.815263E-7
            3452.     3.817300E-7
            3453.     3.819338E-7
            3454.     3.821376E-7
            3455.     3.823416E-7
            3456.     3.825456E-7
            3457.     3.827496E-7
            3458.     3.829536E-7
            3459.     3.831577E-7
            3460.     3.833619E-7
            3461.     3.835666E-7
            3462.     3.837713E-7
            3463.     3.839760E-7
            3464.     3.841809E-7
            3465.     3.843858E-7
            3466.     3.845907E-7
            3467.     3.847957E-7
            3468.     3.850008E-7
            3469.     3.852059E-7
            3470.     3.854112E-7
            3471.     3.856182E-7
            3472.     3.858253E-7
            3473.     3.860324E-7
            3474.     3.862396E-7
            3475.     3.864470E-7
            3476.     3.866542E-7
            3477.     3.868617E-7
            3478.     3.870692E-7
            3479.     3.872766E-7
            3480.     3.874842E-7
            3481.     3.876936E-7
            3482.     3.879031E-7
            3483.     3.881126E-7
            3484.     3.883221E-7
            3485.     3.885317E-7
            3486.     3.887415E-7
            3487.     3.889512E-7
            3488.     3.891609E-7
            3489.     3.893710E-7
            3490.     3.895807E-7
            3491.     3.897914E-7
            3492.     3.900020E-7
            3493.     3.902127E-7
            3494.     3.904235E-7
            3495.     3.906343E-7
            3496.     3.908452E-7
            3497.     3.910561E-7
            3498.     3.912671E-7
            3499.     3.914782E-7
            3500.     3.916893E-7
            3501.     3.919023E-7
            3502.     3.921154E-7
            3503.     3.923285E-7
            3504.     3.925417E-7
            3505.     3.927550E-7
            3506.     3.929683E-7
            3507.     3.931816E-7
            3508.     3.933951E-7
            3509.     3.936084E-7
            3510.     3.938221E-7
            3511.     3.940375E-7
            3512.     3.942530E-7
            3513.     3.944687E-7
            3514.     3.946842E-7
            3515.     3.949001E-7
            3516.     3.951158E-7
            3517.     3.953315E-7
            3518.     3.955474E-7
            3519.     3.957633E-7
            3520.     3.959793E-7
            3521.     3.961959E-7
            3522.     3.964126E-7
            3523.     3.966294E-7
            3524.     3.968461E-7
            3525.     3.970631E-7
            3526.     3.972799E-7
            3527.     3.974969E-7
            3528.     3.977139E-7
            3529.     3.979310E-7
            3530.     3.981482E-7
            3531.     3.983685E-7
            3532.     3.985888E-7
            3533.     3.988093E-7
            3534.     3.990298E-7
            3535.     3.992504E-7
            3536.     3.994709E-7
            3537.     3.996917E-7
            3538.     3.999125E-7
            3539.     4.001332E-7
            3540.     4.003542E-7
            3541.     4.005744E-7
            3542.     4.007947E-7
            3543.     4.010150E-7
            3544.     4.012354E-7
            3545.     4.014559E-7
            3546.     4.016765E-7
            3547.     4.018971E-7
            3548.     4.021177E-7
            3549.     4.023384E-7
            3550.     4.025593E-7
            3551.     4.027820E-7
            3552.     4.030046E-7
            3553.     4.032273E-7
            3554.     4.034503E-7
            3555.     4.036731E-7
            3556.     4.038961E-7
            3557.     4.041191E-7
            3558.     4.043422E-7
            3559.     4.045653E-7
            3560.     4.047886E-7
            3561.     4.050136E-7
            3562.     4.052389E-7
            3563.     4.054641E-7
            3564.     4.056894E-7
            3565.     4.059147E-7
            3566.     4.061401E-7
            3567.     4.063657E-7
            3568.     4.065913E-7
            3569.     4.068168E-7
            3570.     4.070425E-7
            3571.     4.072687E-7
            3572.     4.074949E-7
            3573.     4.077213E-7
            3574.     4.079477E-7
            3575.     4.081740E-7
            3576.     4.084005E-7
            3577.     4.086270E-7
            3578.     4.088537E-7
            3579.     4.090803E-7
            3580.     4.093071E-7
            3581.     4.095358E-7
            3582.     4.097645E-7
            3583.     4.099934E-7
            3584.     4.102222E-7
            3585.     4.104512E-7
            3586.     4.106802E-7
            3587.     4.109093E-7
            3588.     4.111384E-7
            3589.     4.113676E-7
            3590.     4.115969E-7
            3591.     4.118267E-7
            3592.     4.120566E-7
            3593.     4.122864E-7
            3594.     4.125165E-7
            3595.     4.127465E-7
            3596.     4.129766E-7
            3597.     4.132068E-7
            3598.     4.134371E-7
            3599.     4.136673E-7
            3600.     4.138978E-7
            3601.     4.141299E-7
            3602.     4.143620E-7
            3603.     4.145943E-7
            3604.     4.148266E-7
            3605.     4.150591E-7
            3606.     4.152913E-7
            3607.     4.155240E-7
            3608.     4.157565E-7
            3609.     4.159893E-7
            3610.     4.162220E-7
            3611.     4.164539E-7
            3612.     4.166860E-7
            3613.     4.169181E-7
            3614.     4.171503E-7
            3615.     4.173826E-7
            3616.     4.176149E-7
            3617.     4.178473E-7
            3618.     4.180799E-7
            3619.     4.183124E-7
            3620.     4.185450E-7
            3621.     4.187807E-7
            3622.     4.190164E-7
            3623.     4.192522E-7
            3624.     4.194881E-7
            3625.     4.197239E-7
            3626.     4.199601E-7
            3627.     4.201961E-7
            3628.     4.204323E-7
            3629.     4.206685E-7
            3630.     4.209049E-7
            3631.     4.211404E-7
            3632.     4.213759E-7
            3633.     4.216114E-7
            3634.     4.218471E-7
            3635.     4.220828E-7
            3636.     4.223187E-7
            3637.     4.225546E-7
            3638.     4.227904E-7
            3639.     4.230265E-7
            3640.     4.232627E-7
            3641.     4.234992E-7
            3642.     4.237356E-7
            3643.     4.239722E-7
            3644.     4.242089E-7
            3645.     4.244456E-7
            3646.     4.246825E-7
            3647.     4.249193E-7
            3648.     4.251563E-7
            3649.     4.253932E-7
            3650.     4.256304E-7
            3651.     4.258692E-7
            3652.     4.261082E-7
            3653.     4.263472E-7
            3654.     4.265864E-7
            3655.     4.268255E-7
            3656.     4.270648E-7
            3657.     4.273040E-7
            3658.     4.275435E-7
            3659.     4.277828E-7
            3660.     4.280224E-7
            3661.     4.282623E-7
            3662.     4.285022E-7
            3663.     4.287423E-7
            3664.     4.289822E-7
            3665.     4.292224E-7
            3666.     4.294626E-7
            3667.     4.297029E-7
            3668.     4.299433E-7
            3669.     4.301836E-7
            3670.     4.304240E-7
            3671.     4.306651E-7
            3672.     4.309062E-7
            3673.     4.311472E-7
            3674.     4.313884E-7
            3675.     4.316296E-7
            3676.     4.318710E-7
            3677.     4.321124E-7
            3678.     4.323538E-7
            3679.     4.325953E-7
            3680.     4.328370E-7
            3681.     4.330788E-7
            3682.     4.333207E-7
            3683.     4.335627E-7
            3684.     4.338048E-7
            3685.     4.340470E-7
            3686.     4.342893E-7
            3687.     4.345315E-7
            3688.     4.347739E-7
            3689.     4.350163E-7
            3690.     4.352589E-7
            3691.     4.355017E-7
            3692.     4.357447E-7
            3693.     4.359878E-7
            3694.     4.362310E-7
            3695.     4.364742E-7
            3696.     4.367174E-7
            3697.     4.369609E-7
            3698.     4.372043E-7
            3699.     4.374479E-7
            3700.     4.376914E-7
            3701.     4.379353E-7
            3702.     4.381793E-7
            3703.     4.384232E-7
            3704.     4.386673E-7
            3705.     4.389113E-7
            3706.     4.391556E-7
            3707.     4.393999E-7
            3708.     4.396443E-7
            3709.     4.398886E-7
            3710.     4.401332E-7
            3711.     4.844158E-7
            3712.     5.287584E-7
            3713.     5.731391E-7
            3714.     6.175581E-7
            3715.     6.620372E-7
            3716.     7.065653E-7
            3717.     7.511425E-7
            3718.     7.957581E-7
            3719.     8.404446E-7
            3720.     8.851697E-7
            3721.     8.856611E-7
            3722.     8.861529E-7
            3723.     8.866447E-7
            3724.     8.871366E-7
            3725.     8.876286E-7
            3726.     8.881211E-7
            3727.     8.886134E-7
            3728.     8.891056E-7
            3729.     8.895985E-7
            3730.     8.900915E-7
            3731.     8.460448E-7
            3732.     8.019703E-7
            3733.     7.578360E-7
            3734.     7.136522E-7
            3735.     6.694085E-7
            3736.     6.251373E-7
            3737.     5.808058E-7
            3738.     5.364249E-7
            3739.     4.919947E-7
            3740.     4.475261E-7
            3741.     4.925282E-7
            3742.     5.376125E-7
            3743.     5.827356E-7
            3744.     6.279193E-7
            3745.     6.731306E-7
            3746.     7.184026E-7
            3747.     7.637245E-7
            3748.     8.090961E-7
            3749.     8.545171E-7
            3750.     8.999770E-7
            3751.     9.004851E-7
            3752.     9.009820E-7
            3753.     9.014790E-7
            3754.     9.019763E-7
            3755.     9.024736E-7
            3756.     9.029713E-7
            3757.     9.034690E-7
            3758.     9.039668E-7
            3759.     9.044645E-7
            3760.     9.049629E-7
            3761.     9.054585E-7
            3762.     9.059545E-7
            3763.     9.064505E-7
            3764.     9.069468E-7
            3765.     9.074431E-7
            3766.     9.079397E-7
            3767.     9.084363E-7
            3768.     9.089331E-7
            3769.     9.094299E-7
            3770.     9.099272E-7
            3771.     9.104273E-7
            3772.     9.109275E-7
            3773.     9.114277E-7
            3774.     9.119285E-7
            3775.     9.124292E-7
            3776.     9.129298E-7
            3777.     9.134311E-7
            3778.     9.139322E-7
            3779.     9.144334E-7
            3780.     9.149351E-7
            3781.     9.154339E-7
            3782.     9.159329E-7
            3783.     9.164322E-7
            3784.     9.169314E-7
            3785.     9.174308E-7
            3786.     9.179303E-7
            3787.     9.184301E-7
            3788.     9.189303E-7
            3789.     9.194304E-7
            3790.     9.199305E-7
            3791.     9.664495E-7
            3792.     1.013018E-6
            3793.     1.059649E-6
            3794.     1.106306E-6
            3795.     1.153025E-6
            3796.     1.199794E-6
            3797.     1.246613E-6
            3798.     1.293482E-6
            3799.     1.340389E-6
            3800.     1.387370E-6
            3801.     1.619477E-6
            3802.     1.851892E-6
            3803.     2.084445E-6
            3804.     2.317305E-6
            3805.     2.550418E-6
            3806.     2.783783E-6
            3807.     3.017400E-6
            3808.     3.251211E-6
            3809.     3.485388E-6
            3810.     3.719760E-6
            3811.     3.954373E-6
            3812.     4.189179E-6
            3813.     4.424351E-6
            3814.     4.659716E-6
            3815.     4.895390E-6
            3816.     5.131259E-6
            3817.     5.367320E-6
            3818.     5.603634E-6
            3819.     5.840314E-6
            3820.     6.077189E-6
            3821.     6.314237E-6
            3822.     6.551652E-6
            3823.     6.789257E-6
            3824.     7.027115E-6
            3825.     7.265284E-6
            3826.     7.503584E-6
            3827.     7.742195E-6
            3828.     7.981113E-6
            3829.     8.220167E-6
            3830.     8.459532E-6
            3831.     8.699089E-6
            3832.     8.939015E-6
            3833.     9.179134E-6
            3834.     9.420081E-6
            3835.     1.178064E-5
            3836.     1.414429E-5
            3837.     1.651044E-5
            3838.     1.888026E-5
            3839.     2.361142E-5
            3840.     2.834876E-5
            3841.     3.309111E-5
            3842.     3.783848E-5
            3843.     4.495528E-5
            3844.     5.208136E-5
            3845.     5.921673E-5
            3846.     6.635788E-5
            3847.     8.299539E-5
            3848.     9.964233E-5
            3849.     1.163110E-4
            3850.     1.329972E-4
            3851.     1.722841E-4
            3852.     2.115930E-4
            3853.     2.509528E-4
            3854.     2.903540E-4
            3855.     3.714674E-4
            3856.     4.526661E-4
            3857.     5.339300E-4
            3858.     6.153188E-4
            3859.     8.065386E-4
            3860.     9.980057E-4
            3861.     0.001189576
            3862.     0.001381392
            3863.     0.001814919
            3864.     0.002248897
            3865.     0.002683326
            3866.     0.003118102
            3867.     0.003977666
            3868.     0.004838018
            3869.     0.005699262
            3870.     0.006561192
            3871.     0.007749793
            3872.     0.008939416
            3873.      0.01013056
            3874.      0.01132236
            3875.      0.01217762
            3876.      0.01303376
            3877.      0.01389079
            3878.       0.0147487
            3879.      0.01505646
            3880.       0.0153647
            3881.      0.01567311
            3882.      0.01598185
            3883.       0.0160795
            3884.       0.0161772
            3885.      0.01627501
            3886.      0.01637292
            3887.      0.01648546
            3888.      0.01659807
            3889.      0.01671083
            3890.      0.01682371
            3891.      0.01697428
            3892.      0.01712503
            3893.      0.01727584
            3894.      0.01742685
            3895.      0.01757922
            3896.      0.01773178
            3897.      0.01788441
            3898.      0.01803723
            3899.      0.01816341
            3900.       0.0182897
            3901.      0.01841606
            3902.       0.0185425
            3903.      0.01864593
            3904.      0.01874944
            3905.      0.01885307
            3906.      0.01895675
            3907.      0.01896759
            3908.      0.01897844
            3909.      0.01898931
            3910.      0.01900017
            3911.      0.01895583
            3912.      0.01891142
            3913.      0.01886696
            3914.      0.01882245
            3915.      0.01869443
            3916.       0.0185662
            3917.      0.01843787
            3918.      0.01830937
            3919.      0.01816969
            3920.       0.0180299
            3921.      0.01788986
            3922.      0.01774968
            3923.      0.01755016
            3924.       0.0173505
            3925.      0.01715053
            3926.       0.0169504
            3927.      0.01678095
            3928.      0.01661128
            3929.      0.01644152
            3930.      0.01627155
            3931.       0.0160902
            3932.      0.01590876
            3933.      0.01572709
            3934.      0.01554523
            3935.      0.01543264
            3936.      0.01531993
            3937.      0.01520708
            3938.      0.01509416
            3939.      0.01502336
            3940.      0.01495247
            3941.       0.0148814
            3942.      0.01481028
            3943.      0.01468303
            3944.      0.01455566
            3945.      0.01442815
            3946.      0.01430056
            3947.      0.01393955
            3948.      0.01357804
            3949.      0.01321626
            3950.      0.01285393
            3951.      0.01205286
            3952.      0.01125081
            3953.      0.01044797
            3954.     0.009644114
            3955.     0.008695904
            3956.     0.007746538
            3957.     0.006796244
            3958.     0.005845027
            3959.     0.005141352
            3960.     0.004437166
            3961.     0.003731923
            3962.     0.003026176
            3963.     0.002657882
            3964.     0.002289414
            3965.     0.001920503
            3966.     0.001551239
            3967.     0.001359242
            3968.     0.001167062
            3969.     9.747442E-4
            3970.     7.821484E-4
            3971.     6.916477E-4
            3972.     6.010604E-4
            3973.     5.104087E-4
            3974.     4.196263E-4
            3975.     3.743027E-4
            3976.     3.289247E-4
            3977.     2.835146E-4
            3978.     2.380722E-4
            3979.     2.115797E-4
            3980.     1.850618E-4
            3981.     1.585179E-4
            3982.     1.319555E-4
            3983.     1.193177E-4
            3984.     1.066745E-4
            3985.     9.401940E-5
            3986.     8.135049E-5
            3987.     7.376022E-5
            3988.     6.616097E-5
            3989.     5.855450E-5
            3990.     5.094090E-5
            3991.     4.331981E-5
            3992.     3.569351E-5
            3993.     2.805641E-5
            3994.     2.041410E-5
            3995.     1.786998E-5
            3996.     1.532474E-5
            3997.     1.277652E-5
            3998.     1.022594E-5
            3999.     8.951516E-6
            4000.     7.676539E-6
            4001.     6.396823E-6
            4002.     5.117221E-6
            4003.     5.025611E-6
            4004.     4.934008E-6
            4005.     4.842436E-6
            4006.     4.750827E-6
            4007.     4.659249E-6
            4008.     4.567656E-6
            4009.     4.476117E-6
            4010.     4.384564E-6
            4011.     4.293001E-6
            4012.     4.201425E-6
            4013.     4.109902E-6
            4014.     4.018389E-6
            4015.     3.926840E-6
            4016.     3.835322E-6
            4017.     3.743814E-6
            4018.     3.652337E-6
            4019.     3.560824E-6
            4020.     3.469343E-6
            4021.     3.377835E-6
            4022.     3.286358E-6
            4023.     3.194914E-6
            4024.     3.103457E-6
            4025.     3.012011E-6
            4026.     2.920575E-6
            4027.     2.829171E-6
            4028.     2.737733E-6
            4029.     2.646326E-6
            4030.     2.554930E-6
            4031.     2.452560E-6
            4032.     2.350252E-6
            4033.     2.247932E-6
            4034.     2.145599E-6
            4035.     2.043302E-6
            4036.     1.941044E-6
            4037.     1.838772E-6
            4038.     1.736513E-6
            4039.     1.634266E-6
            4040.     1.532018E-6
            4041.     1.480867E-6
            4042.     1.429710E-6
            4043.     1.378559E-6
            4044.     1.327402E-6
            4045.     1.276277E-6
            4046.     1.225146E-6
            4047.     1.174022E-6
            4048.     1.122904E-6
            4049.     1.071793E-6
            4050.     1.020701E-6
            4051.     1.020617E-6
            4052.     1.020546E-6
            4053.     1.020475E-6
            4054.     1.020404E-6
            4055.     1.020333E-6
            4056.     1.020261E-6
            4057.     1.020190E-6
            4058.     1.020118E-6
            4059.     1.020047E-6
            4060.     1.019975E-6
            4061.     1.019900E-6
            4062.     1.019824E-6
            4063.     1.019748E-6
            4064.     1.019673E-6
            4065.     1.019597E-6
            4066.     1.019521E-6
            4067.     1.019445E-6
            4068.     1.019369E-6
            4069.     1.019293E-6
            4070.     1.019217E-6
            4071.     9.681801E-7
            4072.     9.171634E-7
            4073.     8.661422E-7
            4074.     8.151164E-7
            4075.     7.641112E-7
            4076.     7.131266E-7
            4077.     6.621249E-7
            4078.     6.111438E-7
            4079.     5.601584E-7
            4080.     5.092058E-7
            4081.     5.091634E-7
            4082.     5.091210E-7
            4083.     5.090786E-7
            4084.     5.090362E-7
            4085.     5.089937E-7
            4086.     5.089512E-7
            4087.     5.089087E-7
            4088.     5.088662E-7
            4089.     5.088236E-7
            4090.     5.087811E-7
            4091.     5.087380E-7
            4092.     5.086949E-7
            4093.     5.086519E-7
            4094.     5.086088E-7
            4095.     5.085657E-7
            4096.     5.085226E-7
            4097.     5.084793E-7
            4098.     5.084361E-7
            4099.     5.083929E-7
            4100.     5.083497E-7
            4101.     5.083028E-7
            4102.     5.082560E-7
            4103.     5.082091E-7
            4104.     5.081621E-7
            4105.     5.081152E-7
            4106.     5.080682E-7
            4107.     5.080213E-7
            4108.     5.079743E-7
            4109.     5.079271E-7
            4110.     5.078801E-7
            4111.     5.078327E-7
            4112.     5.077853E-7
            4113.     5.077378E-7
            4114.     5.076902E-7
            4115.     5.076427E-7
            4116.     5.075951E-7
            4117.     5.075475E-7
            4118.     5.074999E-7
            4119.     5.074522E-7
            4120.     5.074046E-7
            4121.     5.073534E-7
            4122.     5.073023E-7
            4123.     5.072511E-7
            4124.     5.071999E-7
            4125.     5.071487E-7
            4126.     5.070975E-7
            4127.     5.070463E-7
            4128.     5.069949E-7
            4129.     5.069434E-7
            4130.     5.068922E-7
            4131.     5.068404E-7
            4132.     5.067885E-7
            4133.     5.067367E-7
            4134.     5.066848E-7
            4135.     5.066329E-7
            4136.     5.065810E-7
            4137.     5.065290E-7
            4138.     5.064771E-7
            4139.     5.064250E-7
            4140.     5.063731E-7
            4141.     5.063208E-7
            4142.     5.062683E-7
            4143.     5.062159E-7
            4144.     5.061635E-7
            4145.     5.061112E-7
            4146.     5.060587E-7
            4147.     5.060061E-7
            4148.     5.059537E-7
            4149.     5.059011E-7
            4150.     5.058487E-7
            4151.     5.057926E-7
            4152.     5.057365E-7
            4153.     5.056802E-7
            4154.     5.056242E-7
            4155.     5.055680E-7
            4156.     5.055119E-7
            4157.     5.054555E-7
            4158.     5.053993E-7
            4159.     5.053431E-7
            4160.     5.052868E-7
            4161.     5.052303E-7
            4162.     5.051737E-7
            4163.     5.051173E-7
            4164.     5.050606E-7
            4165.     5.050040E-7
            4166.     5.049474E-7
            4167.     5.048907E-7
            4168.     5.048341E-7
            4169.     5.047773E-7
            4170.     5.047208E-7
            4171.     5.046620E-7
            4172.     5.046032E-7
            4173.     5.045445E-7
            4174.     5.044857E-7
            4175.     5.044269E-7
            4176.     5.043681E-7
            4177.     5.043093E-7
            4178.     5.042505E-7
            4179.     5.041915E-7
            4180.     5.041327E-7
            4181.     5.040735E-7
            4182.     5.040145E-7
            4183.     5.039552E-7
            4184.     5.038959E-7
            4185.     5.038367E-7
            4186.     5.037775E-7
            4187.     5.037182E-7
            4188.     5.036590E-7
            4189.     5.035996E-7
            4190.     5.035404E-7
            4191.     5.034792E-7
            4192.     5.034180E-7
            4193.     5.033568E-7
            4194.     5.032956E-7
            4195.     5.032343E-7
            4196.     5.031731E-7
            4197.     5.031118E-7
            4198.     5.030506E-7
            4199.     5.029892E-7
            4200.     5.029279E-7
            4201.     5.030459E-7
            4202.     5.031639E-7
            4203.     5.032819E-7
            4204.     5.033999E-7
            4205.     5.035179E-7
            4206.     5.036360E-7
            4207.     5.037540E-7
            4208.     5.038721E-7
            4209.     5.039900E-7
            4210.     5.041082E-7
            4211.     5.042260E-7
            4212.     5.043439E-7
            4213.     5.044618E-7
            4214.     5.045796E-7
            4215.     5.046975E-7
            4216.     5.048154E-7
            4217.     5.049333E-7
            4218.     5.050512E-7
            4219.     5.051689E-7
            4220.     5.052870E-7
            4221.     5.054030E-7
            4222.     5.055191E-7
            4223.     5.056351E-7
            4224.     5.057511E-7
            4225.     5.058672E-7
            4226.     5.059833E-7
            4227.     5.060994E-7
            4228.     5.062156E-7
            4229.     5.063316E-7
            4230.     5.064478E-7
            4231.     5.065637E-7
            4232.     5.066797E-7
            4233.     5.067956E-7
            4234.     5.069115E-7
            4235.     5.070275E-7
            4236.     5.071435E-7
            4237.     5.072594E-7
            4238.     5.073754E-7
            4239.     5.074913E-7
            4240.     5.076074E-7
            4241.     5.077216E-7
            4242.     5.078358E-7
            4243.     5.079500E-7
            4244.     5.080643E-7
            4245.     5.081785E-7
            4246.     5.082928E-7
            4247.     5.084071E-7
            4248.     5.085213E-7
            4249.     5.086356E-7
            4250.     5.087499E-7
            4251.     5.088640E-7
            4252.     5.089781E-7
            4253.     5.090922E-7
            4254.     5.092062E-7
            4255.     5.093204E-7
            4256.     5.094346E-7
            4257.     5.095487E-7
            4258.     5.096629E-7
            4259.     5.097770E-7
            4260.     5.098913E-7
            4261.     5.100035E-7
            4262.     5.101158E-7
            4263.     5.102281E-7
            4264.     5.103403E-7
            4265.     5.104527E-7
            4266.     5.105650E-7
            4267.     5.106773E-7
            4268.     5.107896E-7
            4269.     5.109018E-7
            4270.     5.110143E-7
            4271.     5.111265E-7
            4272.     5.112388E-7
            4273.     5.113509E-7
            4274.     5.114633E-7
            4275.     5.115756E-7
            4276.     5.116879E-7
            4277.     5.118001E-7
            4278.     5.119124E-7
            4279.     5.120247E-7
            4280.     5.121371E-7
            4281.     5.122475E-7
            4282.     5.123580E-7
            4283.     5.124684E-7
            4284.     5.125789E-7
            4285.     5.126894E-7
            4286.     5.128000E-7
            4287.     5.129104E-7
            4288.     5.130210E-7
            4289.     5.131315E-7
            4290.     5.132420E-7
            4291.     5.133522E-7
            4292.     5.134625E-7
            4293.     5.135727E-7
            4294.     5.136831E-7
            4295.     5.137933E-7
            4296.     5.139037E-7
            4297.     5.140139E-7
            4298.     5.141243E-7
            4299.     5.142345E-7
            4300.     5.143449E-7
            4301.     5.144535E-7
            4302.     5.145621E-7
            4303.     5.146708E-7
            4304.     5.147794E-7
            4305.     5.148881E-7
            4306.     5.149968E-7
            4307.     5.151054E-7
            4308.     5.152141E-7
            4309.     5.153227E-7
            4310.     5.154315E-7
            4311.     5.155400E-7
            4312.     5.156485E-7
            4313.     5.157569E-7
            4314.     5.158655E-7
            4315.     5.159740E-7
            4316.     5.160826E-7
            4317.     5.161910E-7
            4318.     5.162996E-7
            4319.     5.164081E-7
            4320.     5.165167E-7
            4321.     5.166251E-7
            4322.     5.167334E-7
            4323.     5.168418E-7
            4324.     5.169502E-7
            4325.     5.170586E-7
            4326.     5.171670E-7
            4327.     5.172754E-7
            4328.     5.173839E-7
            4329.     5.174922E-7
            4330.     5.176008E-7
            4331.     5.177088E-7
            4332.     5.178171E-7
            4333.     5.179252E-7
            4334.     5.180335E-7
            4335.     5.181417E-7
            4336.     5.182499E-7
            4337.     5.183581E-7
            4338.     5.184663E-7
            4339.     5.185747E-7
            4340.     5.186830E-7
            4341.     5.187894E-7
            4342.     5.188959E-7
            4343.     5.190025E-7
            4344.     5.191090E-7
            4345.     5.192155E-7
            4346.     5.193220E-7
            4347.     5.194285E-7
            4348.     5.195351E-7
            4349.     5.196416E-7
            4350.     5.197482E-7
            4351.     5.198531E-7
            4352.     5.199578E-7
            4353.     5.200627E-7
            4354.     5.201675E-7
            4355.     5.202725E-7
            4356.     5.203773E-7
            4357.     5.204822E-7
            4358.     5.205870E-7
            4359.     5.206919E-7
            4360.     5.207968E-7
            4361.     5.209031E-7
            4362.     5.210093E-7
            4363.     5.211156E-7
            4364.     5.212219E-7
            4365.     5.213281E-7
            4366.     5.214344E-7
            4367.     5.215408E-7
            4368.     5.216471E-7
            4369.     5.217533E-7
            4370.     5.218596E-7
            4371.     5.219642E-7
            4372.     5.220688E-7
            4373.     5.221734E-7
            4374.     5.222780E-7
            4375.     5.223827E-7
            4376.     5.224874E-7
            4377.     5.225920E-7
            4378.     5.226967E-7
            4379.     5.228011E-7
            4380.     5.229059E-7
            4381.     5.230103E-7
            4382.     5.231149E-7
            4383.     5.232195E-7
            4384.     5.233240E-7
            4385.     5.234285E-7
            4386.     5.235331E-7
            4387.     5.236377E-7
            4388.     5.237423E-7
            4389.     5.238467E-7
            4390.     5.239513E-7
            4391.     5.240541E-7
            4392.     5.241569E-7
            4393.     5.242596E-7
            4394.     5.243624E-7
            4395.     5.244652E-7
            4396.     5.245680E-7
            4397.     5.246707E-7
            4398.     5.247736E-7
            4399.     5.248763E-7
            4400.     5.249792E-7
            4401.     5.250835E-7
            4402.     5.251878E-7
            4403.     5.252921E-7
            4404.     5.253963E-7
            4405.     5.255006E-7
            4406.     5.256050E-7
            4407.     5.257092E-7
            4408.     5.258136E-7
            4409.     5.259178E-7
            4410.     5.260222E-7
            4411.     5.261247E-7
            4412.     5.262273E-7
            4413.     5.263300E-7
            4414.     5.264325E-7
            4415.     5.265351E-7
            4416.     5.266377E-7
            4417.     5.267403E-7
            4418.     5.268429E-7
            4419.     5.269454E-7
            4420.     5.270481E-7
            4421.     5.271507E-7
            4422.     5.272533E-7
            4423.     5.273559E-7
            4424.     5.274584E-7
            4425.     5.275611E-7
            4426.     5.276635E-7
            4427.     5.277663E-7
            4428.     5.278688E-7
            4429.     5.279715E-7
            4430.     5.280741E-7
            4431.     5.281749E-7
            4432.     5.282757E-7
            4433.     5.283766E-7
            4434.     5.284774E-7
            4435.     5.285781E-7
            4436.     5.286790E-7
            4437.     5.287798E-7
            4438.     5.288807E-7
            4439.     5.289814E-7
            4440.     5.290823E-7
            4441.     5.291846E-7
            4442.     5.292869E-7
            4443.     5.293892E-7
            4444.     5.294915E-7
            4445.     5.295938E-7
            4446.     5.296963E-7
            4447.     5.297985E-7
            4448.     5.299008E-7
            4449.     5.300031E-7
            4450.     5.301055E-7
            4451.     5.302061E-7
            4452.     5.303067E-7
            4453.     5.304073E-7
            4454.     5.305079E-7
            4455.     5.306086E-7
            4456.     5.307092E-7
            4457.     5.308098E-7
            4458.     5.309105E-7
            4459.     5.310110E-7
            4460.     5.311117E-7
            4461.     5.312123E-7
            4462.     5.313130E-7
            4463.     5.314134E-7
            4464.     5.315141E-7
            4465.     5.316147E-7
            4466.     5.317153E-7
            4467.     5.318158E-7
            4468.     5.319165E-7
            4469.     5.320169E-7
            4470.     5.321176E-7
            4471.     5.322181E-7
            4472.     5.323186E-7
            4473.     5.324191E-7
            4474.     5.325196E-7
            4475.     5.326201E-7
            4476.     5.327207E-7
            4477.     5.328212E-7
            4478.     5.329216E-7
            4479.     5.330220E-7
            4480.     5.331227E-7
            4481.     5.332231E-7
            4482.     5.333235E-7
            4483.     5.334240E-7
            4484.     5.335244E-7
            4485.     5.336249E-7
            4486.     5.337255E-7
            4487.     5.338259E-7
            4488.     5.339264E-7
            4489.     5.340268E-7
            4490.     5.341274E-7
            4491.     4.808049E-7
            4492.     4.274625E-7
            4493.     3.741260E-7
            4494.     3.207173E-7
            4495.     2.673146E-7
            4496.     2.138919E-7
            4497.     1.604751E-7
            4498.     1.069861E-7
            4499.     5.350307E-8
            4500.              0.
            4501.     5.356563E-8
            4502.     1.072363E-7
            4503.     1.610120E-7
            4504.     2.148926E-7
            4505.     2.688784E-7
            4506.     3.229693E-7
            4507.     3.771653E-7
            4508.     4.314662E-7
            4509.     4.858722E-7
            4510.     5.403575E-7
            4511.     4.868167E-7
            4512.     4.331450E-7
            4513.     3.793686E-7
            4514.     3.254874E-7
            4515.     2.715014E-7
            4516.     2.174372E-7
            4517.     1.632153E-7
            4518.     1.089150E-7
            4519.     5.450992E-8
            4520.              0.
