#  Table wf4f469nsys.tab  Mon 12:22:48 02-Jun-97

#      WAVELENGTH      THROUGHPUT
#       angstroms                

            1949     0.
            1950.     8.389992E-9
            1951.     8.324707E-9
            1952.     8.259052E-9
            1953.     8.193024E-9
            1954.     8.126628E-9
            1955.     8.059861E-9
            1956.     7.992714E-9
            1957.     7.925214E-9
            1958.     7.857334E-9
            1959.     7.789093E-9
            1960.     7.720460E-9
            1961.     7.651600E-9
            1962.     7.582380E-9
            1963.     7.512777E-9
            1964.     7.442799E-9
            1965.     7.372444E-9
            1966.     7.301713E-9
            1967.     7.230606E-9
            1968.     7.159124E-9
            1969.     7.087264E-9
            1970.     7.015037E-9
            1971.     6.942589E-9
            1972.     6.869761E-9
            1973.     6.796568E-9
            1974.     6.722985E-9
            1975.     6.649020E-9
            1976.     6.574673E-9
            1977.     6.499951E-9
            1978.     6.424828E-9
            1979.     6.349332E-9
            1980.     6.273453E-9
            1981.     6.197291E-9
            1982.     6.120739E-9
            1983.     6.043802E-9
            1984.     5.966480E-9
            1985.     5.888760E-9
            1986.     5.810671E-9
            1987.     5.732188E-9
            1988.     5.653325E-9
            1989.     5.574055E-9
            1990.     5.494399E-9
            1991.     5.414450E-9
            1992.     5.334102E-9
            1993.     5.253363E-9
            1994.     5.172232E-9
            1995.     5.090710E-9
            1996.     5.008797E-9
            1997.     4.926492E-9
            1998.     4.843796E-9
            1999.     4.760706E-9
            2000.     4.677227E-9
            2001.     4.595230E-9
            2002.     4.512791E-9
            2003.     4.429874E-9
            2004.     4.346515E-9
            2005.     4.262683E-9
            2006.     4.178399E-9
            2007.     4.093630E-9
            2008.     4.008396E-9
            2009.     3.922719E-9
            2010.     3.836565E-9
            2011.     3.749981E-9
            2012.     3.662928E-9
            2013.     3.575405E-9
            2014.     3.487400E-9
            2015.     3.398945E-9
            2016.     3.310008E-9
            2017.     3.220608E-9
            2018.     3.130714E-9
            2019.     3.040344E-9
            2020.     2.949522E-9
            2021.     2.858197E-9
            2022.     2.766408E-9
            2023.     2.674120E-9
            2024.     2.581366E-9
            2025.     2.488135E-9
            2026.     2.394425E-9
            2027.     2.300236E-9
            2028.     2.205567E-9
            2029.     2.110418E-9
            2030.     2.014776E-9
            2031.     1.918666E-9
            2032.     1.822062E-9
            2033.     1.724988E-9
            2034.     1.627407E-9
            2035.     1.529366E-9
            2036.     1.430816E-9
            2037.     1.331793E-9
            2038.     1.232284E-9
            2039.     1.132288E-9
            2040.     1.031804E-9
            2041.    9.308211E-10
            2042.    8.293516E-10
            2043.    7.273950E-10
            2044.    6.249505E-10
            2045.    5.220175E-10
            2046.    4.185827E-10
            2047.    3.146832E-10
            2048.    2.102804E-10
            2049.    1.053862E-10
            2050.              0.
            4451.    5.492839E-10
            4452.     1.098781E-9
            4453.     1.648490E-9
            4454.     2.198416E-9
            4455.     2.748551E-9
            4456.     3.298899E-9
            4457.     3.849459E-9
            4458.     4.400233E-9
            4459.     4.951220E-9
            4460.     5.502422E-9
            4461.     6.053833E-9
            4462.     6.605458E-9
            4463.     7.157294E-9
            4464.     7.709343E-9
            4465.     8.261876E-9
            4466.     8.814085E-9
            4467.     9.366773E-9
            4468.     9.919674E-9
            4469.     1.047279E-8
            4470.     1.102584E-8
            4471.     1.157938E-8
            4472.     1.213340E-8
            4473.     1.268736E-8
            4474.     1.324154E-8
            4475.     1.379593E-8
            4476.     1.435053E-8
            4477.     1.490534E-8
            4478.     1.546036E-8
            4479.     1.601560E-8
            4480.     1.657105E-8
            4481.     1.712672E-8
            4482.     1.768259E-8
            4483.     1.823867E-8
            4484.     1.879497E-8
            4485.     1.935149E-8
            4486.     1.990821E-8
            4487.     2.046542E-8
            4488.     2.102230E-8
            4489.     2.157966E-8
            4490.     2.213724E-8
            4491.     2.269502E-8
            4492.     2.325302E-8
            4493.     2.381095E-8
            4494.     2.436964E-8
            4495.     2.492827E-8
            4496.     2.548712E-8
            4497.     2.604590E-8
            4498.     2.660544E-8
            4499.     2.716492E-8
            4500.     2.772462E-8
            4501.     2.830722E-8
            4502.     2.889093E-8
            4503.     2.947574E-8
            4504.     3.006166E-8
            4505.     3.064869E-8
            4506.     3.123682E-8
            4507.     3.182605E-8
            4508.     3.241639E-8
            4509.     3.300783E-8
            4510.     3.360067E-8
            4511.     3.419392E-8
            4512.     3.478858E-8
            4513.     3.538434E-8
            4514.     3.598119E-8
            4515.     3.657915E-8
            4516.     3.717791E-8
            4517.     3.777837E-8
            4518.     3.837965E-8
            4519.     3.898201E-8
            4520.     3.958548E-8
            4521.     4.019017E-8
            4522.     4.079595E-8
            4523.     4.140284E-8
            4524.     4.201084E-8
            4525.     4.261994E-8
            4526.     4.323015E-8
            4527.     4.384146E-8
            4528.     4.445389E-8
            4529.     4.506742E-8
            4530.     4.568206E-8
            4531.     4.629767E-8
            4532.     4.691467E-8
            4533.     4.753219E-8
            4534.     4.815111E-8
            4535.     4.877113E-8
            4536.     4.939225E-8
            4537.     5.001448E-8
            4538.     5.063751E-8
            4539.     5.126224E-8
            4540.     5.188779E-8
            4541.     5.251442E-8
            4542.     5.314184E-8
            4543.     5.377100E-8
            4544.     5.440094E-8
            4545.     5.503198E-8
            4546.     5.566415E-8
            4547.     5.629741E-8
            4548.     5.693178E-8
            4549.     5.756723E-8
            4550.     5.820381E-8
            4551.     6.168607E-8
            4552.     6.517482E-8
            4553.     6.867009E-8
            4554.     7.217185E-8
            4555.     7.568185E-8
            4556.     7.919491E-8
            4557.     8.271620E-8
            4558.     8.624569E-8
            4559.     8.977830E-8
            4560.     9.331911E-8
            4561.     9.686440E-8
            4562.     1.004197E-7
            4563.     1.039797E-7
            4564.     1.075444E-7
            4565.     1.111192E-7
            4566.     1.146986E-7
            4567.     1.182846E-7
            4568.     1.218771E-7
            4569.     1.254760E-7
            4570.     1.290815E-7
            4571.     1.326934E-7
            4572.     1.363118E-7
            4573.     1.399367E-7
            4574.     1.435681E-7
            4575.     1.472060E-7
            4576.     1.508503E-7
            4577.     1.545030E-7
            4578.     1.581586E-7
            4579.     1.618224E-7
            4580.     1.654928E-7
            4581.     1.691697E-7
            4582.     1.728530E-7
            4583.     1.765428E-7
            4584.     1.802392E-7
            4585.     1.839420E-7
            4586.     1.876514E-7
            4587.     1.913654E-7
            4588.     1.950896E-7
            4589.     1.988184E-7
            4590.     2.025537E-7
            4591.     2.062956E-7
            4592.     2.100439E-7
            4593.     2.137987E-7
            4594.     2.175600E-7
            4595.     2.213278E-7
            4596.     2.251022E-7
            4597.     2.288830E-7
            4598.     2.326704E-7
            4599.     2.364642E-7
            4600.     2.402646E-7
            4601.     2.440714E-7
            4602.     2.478848E-7
            4603.     2.517065E-7
            4604.     2.555328E-7
            4605.     2.593639E-7
            4606.     2.632013E-7
            4607.     2.670491E-7
            4608.     2.709016E-7
            4609.     2.747585E-7
            4610.     2.786258E-7
            4611.     2.824977E-7
            4612.     2.863762E-7
            4613.     2.902611E-7
            4614.     2.941525E-7
            4615.     2.980505E-7
            4616.     3.019550E-7
            4617.     3.058660E-7
            4618.     3.097835E-7
            4619.     3.137074E-7
            4620.     3.176381E-7
            4621.     3.215740E-7
            4622.     3.255185E-7
            4623.     3.294656E-7
            4624.     3.334212E-7
            4625.     3.373831E-7
            4626.     3.413535E-7
            4627.     3.453265E-7
            4628.     3.493080E-7
            4629.     3.532960E-7
            4630.     3.572905E-7
            4631.     3.612925E-7
            4632.     3.652991E-7
            4633.     3.693162E-7
            4634.     3.733377E-7
            4635.     3.773659E-7
            4636.     3.814005E-7
            4637.     3.854416E-7
            4638.     3.894894E-7
            4639.     3.935436E-7
            4640.     3.976043E-7
            4641.     4.016715E-7
            4642.     4.057453E-7
            4643.     4.098256E-7
            4644.     4.139123E-7
            4645.     4.180056E-7
            4646.     4.221055E-7
            4647.     4.262119E-7
            4648.     4.303268E-7
            4649.     4.344463E-7
            4650.     4.385702E-7
            4651.     4.427026E-7
            4652.     4.468415E-7
            4653.     5.462578E-6
            4654.     1.048454E-5
            4655.     1.564811E-5
            4656.     2.081812E-5
            4657.     3.211966E-5
            4658.     4.344068E-5
            4659.     6.319422E-5
            4660.     8.298174E-5
            4661.     1.222956E-4
            4662.     1.616768E-4
            4663.     2.394040E-4
            4664.     3.172642E-4
            4665.     4.533870E-4
            4666.     5.897421E-4
            4667.     8.283678E-4
            4668.       0.0010674
            4669.     0.001501871
            4670.     0.001937081
            4671.     0.002701399
            4672.     0.003466272
            4673.     0.004826643
            4674.     0.006189327
            4675.      0.00853166
            4676.      0.01087682
            4677.      0.01441043
            4678.      0.01795232
            4679.      0.02218213
            4680.      0.02641909
            4681.      0.02958805
            4682.      0.03276234
            4683.      0.03436452
            4684.      0.03596937
            4685.      0.03641963
            4686.      0.03687061
            4687.      0.03694774
            4688.      0.03702494
            4689.      0.03696387
            4690.      0.03690265
            4691.      0.03684511
            4692.      0.03678744
            4693.      0.03686483
            4694.      0.03694222
            4695.      0.03716375
            4696.       0.0373856
            4697.      0.03756208
            4698.      0.03773864
            4699.      0.03769134
            4700.      0.03764388
            4701.       0.0371918
            4702.      0.03673894
            4703.      0.03601934
            4704.      0.03529779
            4705.      0.03431094
            4706.      0.03332242
            4707.      0.03178716
            4708.      0.03024931
            4709.      0.02722275
            4710.      0.02419114
            4711.      0.01986479
            4712.      0.01553128
            4713.      0.01163755
            4714.     0.007737388
            4715.     0.005581986
            4716.     0.003422563
            4717.     0.002455696
            4718.     0.001486766
            4719.     0.001087308
            4720.     6.875839E-4
            4721.     5.156202E-4
            4722.     3.432052E-4
            4723.     2.610876E-4
            4724.     1.788351E-4
            4725.     1.396150E-4
            4726.     1.003306E-4
            4727.     7.753585E-5
            4728.     5.470382E-5
            4729.     4.262751E-5
            4730.     3.053145E-5
            4731.     2.448590E-5
            4732.     1.843051E-5
            4733.     1.045242E-5
            4734.     2.461384E-6
            4735.     1.300115E-6
            4736.     1.369648E-7
            4737.     1.358730E-7
            4738.     1.347787E-7
            4739.     1.336836E-7
            4740.     1.325860E-7
            4741.     1.314869E-7
            4742.     1.303852E-7
            4743.     1.292827E-7
            4744.     1.281777E-7
            4745.     1.270708E-7
            4746.     1.259619E-7
            4747.     1.248511E-7
            4748.     1.237389E-7
            4749.     1.226237E-7
            4750.     1.215070E-7
            4751.     1.203881E-7
            4752.     1.192672E-7
            4753.     1.181443E-7
            4754.     1.170195E-7
            4755.     1.158928E-7
            4756.     1.147642E-7
            4757.     1.136336E-7
            4758.     1.125011E-7
            4759.     1.113666E-7
            4760.     1.102302E-7
            4761.     1.090916E-7
            4762.     1.079522E-7
            4763.     1.068103E-7
            4764.     1.056658E-7
            4765.     1.045200E-7
            4766.     1.033728E-7
            4767.     1.022231E-7
            4768.     1.010715E-7
            4769.     9.991789E-8
            4770.     9.876291E-8
            4771.     9.760544E-8
            4772.     9.644544E-8
            4773.     9.528407E-8
            4774.     9.412076E-8
            4775.     9.295549E-8
            4776.     9.178829E-8
            4777.     9.061912E-8
            4778.     8.944799E-8
            4779.     8.827494E-8
            4780.     8.709994E-8
            4781.     8.592273E-8
            4782.     8.474356E-8
            4783.     8.356187E-8
            4784.     8.237941E-8
            4785.     8.119442E-8
            4786.     8.000751E-8
            4787.     7.881804E-8
            4788.     7.762782E-8
            4789.     7.643506E-8
            4790.     7.524037E-8
            4791.     7.404396E-8
            4792.     7.284558E-8
            4793.     7.164584E-8
            4794.     7.044298E-8
            4795.     6.923877E-8
            4796.     6.803261E-8
            4797.     6.682507E-8
            4798.     6.561441E-8
            4799.     6.440238E-8
            4800.     6.318843E-8
            4801.     6.197249E-8
            4802.     6.075462E-8
            4803.     5.953479E-8
            4804.     5.831300E-8
            4805.     5.708930E-8
            4806.     5.586362E-8
            4807.     5.463597E-8
            4808.     5.340639E-8
            4809.     5.217426E-8
            4810.     5.094077E-8
            4811.     4.970578E-8
            4812.     4.846826E-8
            4813.     4.722879E-8
            4814.     4.598736E-8
            4815.     4.474460E-8
            4816.     4.349929E-8
            4817.     4.225143E-8
            4818.     4.100223E-8
            4819.     3.975109E-8
            4820.     3.849800E-8
            4821.     3.724307E-8
            4822.     3.598619E-8
            4823.     3.472736E-8
            4824.     3.346657E-8
            4825.     3.220383E-8
            4826.     3.093913E-8
            4827.     2.967249E-8
            4828.     2.840326E-8
            4829.     2.713333E-8
            4830.     2.586082E-8
            4831.     2.458635E-8
            4832.     2.330930E-8
            4833.     2.203155E-8
            4834.     2.075122E-8
            4835.     1.946893E-8
            4836.     1.818469E-8
            4837.     1.689850E-8
            4838.     1.561098E-8
            4839.     1.432024E-8
            4840.     1.302818E-8
            4841.     1.173417E-8
            4842.     1.043883E-8
            4843.     9.140268E-9
            4844.     7.840385E-9
            4845.     6.538546E-9
            4846.     5.234750E-9
            4847.     3.928998E-9
            4848.     2.621289E-9
            4849.     1.311623E-9
            4850.              0.
            5651.     1.252276E-9
            5652.     2.505235E-9
            5653.     3.758877E-9
            5654.     5.013209E-9
            5655.     6.268216E-9
            5656.     7.523907E-9
            5657.     8.780278E-9
            5658.     1.003733E-8
            5659.     1.129507E-8
            5660.     1.255411E-8
            5661.     1.381321E-8
            5662.     1.507237E-8
            5663.     1.633283E-8
            5664.     1.759397E-8
            5665.     1.885580E-8
            5666.     2.011769E-8
            5667.     2.138149E-8
            5668.     2.264536E-8
            5669.     2.390991E-8
            5670.     2.517513E-8
            5671.     2.644096E-8
            5672.     2.770746E-8
            5673.     2.897462E-8
            5674.     3.024246E-8
            5675.     3.151097E-8
            5676.     3.278015E-8
            5677.     3.405001E-8
            5678.     3.532053E-8
            5679.     3.659236E-8
            5680.     3.786360E-8
            5681.     3.913614E-8
            5682.     4.040935E-8
            5683.     4.168386E-8
            5684.     4.295778E-8
            5685.     4.423302E-8
            5686.     4.550891E-8
            5687.     4.678548E-8
            5688.     4.806271E-8
            5689.     4.933998E-8
            5690.     5.061919E-8
            5691.     5.189843E-8
            5692.     5.317832E-8
            5693.     5.445889E-8
            5694.     5.574012E-8
            5695.     5.702203E-8
            5696.     5.830460E-8
            5697.     5.958784E-8
            5698.     6.087176E-8
            5699.     6.215632E-8
            5700.     6.344158E-8
            5701.     6.472749E-8
            5702.     6.601409E-8
            5703.     6.730133E-8
            5704.     6.858924E-8
            5705.     6.987845E-8
            5706.     7.116709E-8
            5707.     7.245702E-8
            5708.     7.374760E-8
            5709.     7.503886E-8
            5710.     7.633078E-8
            5711.     7.762272E-8
            5712.     7.891661E-8
            5713.     8.021051E-8
            5714.     8.150509E-8
            5715.     8.279969E-8
            5716.     8.409624E-8
            5717.     8.539281E-8
            5718.     8.669005E-8
            5719.     8.798796E-8
            5720.     8.928653E-8
            5721.     9.058574E-8
            5722.     9.188562E-8
            5723.     9.318616E-8
            5724.     9.448735E-8
            5725.     9.578923E-8
            5726.     9.709176E-8
            5727.     9.839495E-8
            5728.     9.969945E-8
            5729.     1.010033E-7
            5730.     1.023085E-7
            5731.     1.036150E-7
            5732.     1.049209E-7
            5733.     1.062280E-7
            5734.     1.075352E-7
            5735.     1.088444E-7
            5736.     1.101536E-7
            5737.     1.114634E-7
            5738.     1.127732E-7
            5739.     1.140850E-7
            5740.     1.153968E-7
            5741.     1.167089E-7
            5742.     1.180217E-7
            5743.     1.193351E-7
            5744.     1.206491E-7
            5745.     1.219639E-7
            5746.     1.232792E-7
            5747.     1.245953E-7
            5748.     1.259120E-7
            5749.     1.272293E-7
            5750.     1.285466E-7
            5751.     1.272946E-7
            5752.     1.260413E-7
            5753.     1.247874E-7
            5754.     1.235328E-7
            5755.     1.222768E-7
            5756.     1.210215E-7
            5757.     1.197649E-7
            5758.     1.185076E-7
            5759.     1.172496E-7
            5760.     1.159916E-7
            5761.     1.147317E-7
            5762.     1.134717E-7
            5763.     1.122111E-7
            5764.     1.109498E-7
            5765.     1.096879E-7
            5766.     1.084252E-7
            5767.     1.071620E-7
            5768.     1.058980E-7
            5769.     1.046334E-7
            5770.     1.033681E-7
            5771.     1.021018E-7
            5772.     1.008349E-7
            5773.     9.956666E-8
            5774.     9.829902E-8
            5775.     9.703012E-8
            5776.     9.575992E-8
            5777.     9.448969E-8
            5778.     9.321946E-8
            5779.     9.194851E-8
            5780.     9.067571E-8
            5781.     8.940309E-8
            5782.     8.812985E-8
            5783.     8.685655E-8
            5784.     8.558135E-8
            5785.     8.430609E-8
            5786.     8.303019E-8
            5787.     8.175361E-8
            5788.     8.047639E-8
            5789.     7.919848E-8
            5790.     7.791993E-8
            5791.     7.664045E-8
            5792.     7.536035E-8
            5793.     7.407957E-8
            5794.     7.279815E-8
            5795.     7.151547E-8
            5796.     7.023337E-8
            5797.     6.894997E-8
            5798.     6.766595E-8
            5799.     6.638064E-8
            5800.     6.509592E-8
            5801.     6.381013E-8
            5802.     6.252365E-8
            5803.     6.123652E-8
            5804.     5.994875E-8
            5805.     5.866093E-8
            5806.     5.737119E-8
            5807.     5.608144E-8
            5808.     5.479101E-8
            5809.     5.350056E-8
            5810.     5.220820E-8
            5811.     5.091563E-8
            5812.     4.962241E-8
            5813.     4.832856E-8
            5814.     4.703403E-8
            5815.     4.573888E-8
            5816.     4.444306E-8
            5817.     4.314660E-8
            5818.     4.184949E-8
            5819.     4.055172E-8
            5820.     3.925331E-8
            5821.     3.795436E-8
            5822.     3.665412E-8
            5823.     3.535450E-8
            5824.     3.405358E-8
            5825.     3.275202E-8
            5826.     3.144979E-8
            5827.     3.014754E-8
            5828.     2.884401E-8
            5829.     2.753918E-8
            5830.     2.623433E-8
            5831.     2.492874E-8
            5832.     2.362252E-8
            5833.     2.231564E-8
            5834.     2.100812E-8
            5835.     1.969995E-8
            5836.     1.839114E-8
            5837.     1.708167E-8
            5838.     1.577157E-8
            5839.     1.446082E-8
            5840.     1.314943E-8
            5841.     1.183742E-8
            5842.     1.052476E-8
            5843.     9.211448E-9
            5844.     7.896842E-9
            5845.     6.582868E-9
            5846.     5.267598E-9
            5847.     3.951676E-9
            5848.     2.635103E-9
            5849.     1.317877E-9
            5850.    6.436539E-13
            5851.              0.
            6151.     1.373936E-9
            6152.     2.747967E-9
            6153.     4.122090E-9
            6154.     5.496316E-9
            6155.     6.870625E-9
            6156.     8.245029E-9
            6157.     9.619523E-9
            6158.     1.099412E-8
            6159.     1.236880E-8
            6160.     1.374358E-8
            6161.     1.511845E-8
            6162.     1.649341E-8
            6163.     1.786846E-8
            6164.     1.924361E-8
            6165.     2.061885E-8
            6166.     2.199485E-8
            6167.     2.337028E-8
            6168.     2.474513E-8
            6169.     2.612074E-8
            6170.     2.749644E-8
            6171.     2.887223E-8
            6172.     3.024745E-8
            6173.     3.162409E-8
            6174.     3.300016E-8
            6175.     3.437631E-8
            6176.     3.575256E-8
            6177.     3.712890E-8
            6178.     3.850533E-8
            6179.     3.988186E-8
            6180.     4.125848E-8
            6181.     4.263517E-8
            6182.     4.401196E-8
            6183.     4.538883E-8
            6184.     4.676580E-8
            6185.     4.814354E-8
            6186.     4.952002E-8
            6187.     5.089725E-8
            6188.     5.227459E-8
            6189.     5.365268E-8
            6190.     5.502951E-8
            6191.     5.640710E-8
            6192.     5.778546E-8
            6193.     5.916257E-8
            6194.     6.054044E-8
            6195.     6.191770E-8
            6196.     6.329643E-8
            6197.     6.467456E-8
            6198.     6.605279E-8
            6199.     6.743041E-8
            6200.     6.880950E-8
            6201.     7.018798E-8
            6202.     7.156655E-8
            6203.     7.294522E-8
            6204.     7.432396E-8
            6205.     7.570280E-8
            6206.     7.708174E-8
            6207.     7.846076E-8
            6208.     7.983987E-8
            6209.     8.121906E-8
            6210.     8.259835E-8
            6211.     8.397813E-8
            6212.     8.535665E-8
            6213.     8.673592E-8
            6214.     8.811525E-8
            6215.     8.949534E-8
            6216.     9.087420E-8
            6217.     9.225310E-8
            6218.     9.363344E-8
            6219.     9.501318E-8
            6220.     9.639300E-8
            6221.     9.777252E-8
            6222.     9.915347E-8
            6223.     1.005338E-7
            6224.     1.019143E-7
            6225.     1.032948E-7
            6226.     1.046755E-7
            6227.     1.060562E-7
            6228.     1.074370E-7
            6229.     1.088179E-7
            6230.     1.101989E-7
            6231.     1.115796E-7
            6232.     1.129603E-7
            6233.     1.143412E-7
            6234.     1.157228E-7
            6235.     1.171031E-7
            6236.     1.184842E-7
            6237.     1.198660E-7
            6238.     1.212466E-7
            6239.     1.226279E-7
            6240.     1.240087E-7
            6241.     1.253912E-7
            6242.     1.267731E-7
            6243.     1.281552E-7
            6244.     1.295366E-7
            6245.     1.309195E-7
            6246.     1.323018E-7
            6247.     1.336842E-7
            6248.     1.350666E-7
            6249.     1.364492E-7
            6250.     1.378318E-7
            6251.     1.364574E-7
            6252.     1.350829E-7
            6253.     1.337076E-7
            6254.     1.323329E-7
            6255.     1.309588E-7
            6256.     1.295840E-7
            6257.     1.282091E-7
            6258.     1.268341E-7
            6259.     1.254590E-7
            6260.     1.240832E-7
            6261.     1.227082E-7
            6262.     1.213325E-7
            6263.     1.199568E-7
            6264.     1.185816E-7
            6265.     1.172057E-7
            6266.     1.158297E-7
            6267.     1.144530E-7
            6268.     1.130769E-7
            6269.     1.117007E-7
            6270.     1.103244E-7
            6271.     1.089484E-7
            6272.     1.075716E-7
            6273.     1.061968E-7
            6274.     1.048199E-7
            6275.     1.034435E-7
            6276.     1.020671E-7
            6277.     1.006906E-7
            6278.     9.931405E-8
            6279.     9.793673E-8
            6280.     9.656001E-8
            6281.     9.518293E-8
            6282.     9.380646E-8
            6283.     9.242924E-8
            6284.     9.105194E-8
            6285.     8.967526E-8
            6286.     8.829718E-8
            6287.     8.691968E-8
            6288.     8.554213E-8
            6289.     8.416449E-8
            6290.     8.278680E-8
            6291.     8.140968E-8
            6292.     8.003181E-8
            6293.     7.865322E-8
            6294.     7.727522E-8
            6295.     7.589716E-8
            6296.     7.451904E-8
            6297.     7.314082E-8
            6298.     7.176188E-8
            6299.     7.038356E-8
            6300.     6.900581E-8
            6301.     6.762733E-8
            6302.     6.624879E-8
            6303.     6.487016E-8
            6304.     6.349148E-8
            6305.     6.211207E-8
            6306.     6.073324E-8
            6307.     5.935503E-8
            6308.     5.797608E-8
            6309.     5.659773E-8
            6310.     5.521865E-8
            6311.     5.383933E-8
            6312.     5.245928E-8
            6313.     5.107985E-8
            6314.     4.970036E-8
            6315.     4.832081E-8
            6316.     4.694121E-8
            6317.     4.556086E-8
            6318.     4.418249E-8
            6319.     4.280203E-8
            6320.     4.142219E-8
            6321.     4.004227E-8
            6322.     3.866231E-8
            6323.     3.728229E-8
            6324.     3.590153E-8
            6325.     3.452140E-8
            6326.     3.314121E-8
            6327.     3.176163E-8
            6328.     3.038131E-8
            6329.     2.900094E-8
            6330.     2.762052E-8
            6331.     2.624003E-8
            6332.     2.485949E-8
            6333.     2.347889E-8
            6334.     2.209824E-8
            6335.     2.071752E-8
            6336.     1.933742E-8
            6337.     1.795659E-8
            6338.     1.657503E-8
            6339.     1.519409E-8
            6340.     1.381309E-8
            6341.     1.243200E-8
            6342.     1.105086E-8
            6343.     9.668992E-9
            6344.     8.287754E-9
            6345.     6.907142E-9
            6346.     5.525809E-9
            6347.     4.144428E-9
            6348.     2.763000E-9
            6349.     1.381523E-9
            6350.              0.
            7951.    7.524459E-10
            7952.     1.504124E-9
            7953.     2.255035E-9
            7954.     3.005184E-9
            7955.     3.754927E-9
            7956.     4.503537E-9
            7957.     5.251017E-9
            7958.     5.998094E-9
            7959.     6.744407E-9
            7960.     7.489959E-9
            7961.     8.234746E-9
            7962.     8.979133E-9
            7963.     9.722030E-9
            7964.     1.046453E-8
            7965.     1.120626E-8
            7966.     1.194687E-8
            7967.     1.268708E-8
            7968.     1.342652E-8
            7969.     1.416557E-8
            7970.     1.490349E-8
            7971.     1.564066E-8
            7972.     1.637707E-8
            7973.     1.711272E-8
            7974.     1.784796E-8
            7975.     1.858137E-8
            7976.     1.931510E-8
            7977.     2.004771E-8
            7978.     2.077956E-8
            7979.     2.151065E-8
            7980.     2.224099E-8
            7981.     2.297093E-8
            7982.     2.369977E-8
            7983.     2.442786E-8
            7984.     2.515483E-8
            7985.     2.588141E-8
            7986.     2.660722E-8
            7987.     2.733193E-8
            7988.     2.805659E-8
            7989.     2.878014E-8
            7990.     2.950293E-8
            7991.     3.022500E-8
            7992.     3.094631E-8
            7993.     3.166651E-8
            7994.     3.238631E-8
            7995.     3.310571E-8
            7996.     3.382401E-8
            7997.     3.454156E-8
            7998.     3.525835E-8
            7999.     3.597440E-8
            8000.     3.669003E-8
            8001.     3.739587E-8
            8002.     3.810168E-8
            8003.     3.880609E-8
            8004.     3.950943E-8
            8005.     4.021172E-8
            8006.     4.091294E-8
            8007.     4.161345E-8
            8008.     4.231256E-8
            8009.     4.301027E-8
            8010.     4.370727E-8
            8011.     4.440288E-8
            8012.     4.509777E-8
            8013.     4.579161E-8
            8014.     4.648473E-8
            8015.     4.717646E-8
            8016.     4.786713E-8
            8017.     4.855675E-8
            8018.     4.924532E-8
            8019.     4.993249E-8
            8020.     5.061895E-8
            8021.     5.130470E-8
            8022.     5.198909E-8
            8023.     5.267241E-8
            8024.     5.335469E-8
            8025.     5.403590E-8
            8026.     5.471640E-8
            8027.     5.539553E-8
            8028.     5.607327E-8
            8029.     5.675030E-8
            8030.     5.742628E-8
            8031.     5.810123E-8
            8032.     5.877513E-8
            8033.     5.944798E-8
            8034.     6.011980E-8
            8035.     6.079057E-8
            8036.     6.146029E-8
            8037.     6.212864E-8
            8038.     6.279627E-8
            8039.     6.346286E-8
            8040.     6.412873E-8
            8041.     6.479326E-8
            8042.     6.545675E-8
            8043.     6.611918E-8
            8044.     6.678059E-8
            8045.     6.744127E-8
            8046.     6.809994E-8
            8047.     6.875856E-8
            8048.     6.941580E-8
            8049.     7.007201E-8
            8050.     7.072718E-8
            8051.     7.138134E-8
            8052.     7.203477E-8
            8053.     7.268684E-8
            8054.     7.333790E-8
            8055.     7.398759E-8
            8056.     7.463658E-8
            8057.     7.528420E-8
            8058.     7.593111E-8
            8059.     7.657729E-8
            8060.     7.722214E-8
            8061.     7.786597E-8
            8062.     7.850876E-8
            8063.     7.915054E-8
            8064.     7.979096E-8
            8065.     8.043069E-8
            8066.     8.106970E-8
            8067.     8.170735E-8
            8068.     8.234395E-8
            8069.     8.297955E-8
            8070.     8.361411E-8
            8071.     8.424800E-8
            8072.     8.488055E-8
            8073.     8.551174E-8
            8074.     8.614224E-8
            8075.     8.677169E-8
            8076.     8.740015E-8
            8077.     8.802757E-8
            8078.     8.865393E-8
            8079.     8.927930E-8
            8080.     8.990364E-8
            8081.     9.052700E-8
            8082.     9.114902E-8
            8083.     9.177033E-8
            8084.     9.239064E-8
            8085.     9.301020E-8
            8086.     9.362845E-8
            8087.     9.424568E-8
            8088.     9.486190E-8
            8089.     9.547707E-8
            8090.     9.609153E-8
            8091.     9.670415E-8
            8092.     9.731660E-8
            8093.     9.792776E-8
            8094.     9.853790E-8
            8095.     9.914702E-8
            8096.     9.975515E-8
            8097.     1.003625E-7
            8098.     1.009686E-7
            8099.     1.015736E-7
            8100.     1.021774E-7
            8101.     1.027805E-7
            8102.     1.033826E-7
            8103.     1.039833E-7
            8104.     1.045836E-7
            8105.     1.051827E-7
            8106.     1.057807E-7
            8107.     1.063777E-7
            8108.     1.069737E-7
            8109.     1.075684E-7
            8110.     1.081624E-7
            8111.     1.087557E-7
            8112.     1.093477E-7
            8113.     1.099387E-7
            8114.     1.105287E-7
            8115.     1.111177E-7
            8116.     1.117060E-7
            8117.     1.122930E-7
            8118.     1.128787E-7
            8119.     1.134636E-7
            8120.     1.140476E-7
            8121.     1.146306E-7
            8122.     1.152126E-7
            8123.     1.157939E-7
            8124.     1.163736E-7
            8125.     1.169526E-7
            8126.     1.175306E-7
            8127.     1.181074E-7
            8128.     1.186834E-7
            8129.     1.192584E-7
            8130.     1.198326E-7
            8131.     1.204057E-7
            8132.     1.209777E-7
            8133.     1.215488E-7
            8134.     1.221188E-7
            8135.     1.226882E-7
            8136.     1.232557E-7
            8137.     1.238231E-7
            8138.     1.243891E-7
            8139.     1.249542E-7
            8140.     1.255183E-7
            8141.     1.260814E-7
            8142.     1.266439E-7
            8143.     1.272050E-7
            8144.     1.277652E-7
            8145.     1.283241E-7
            8146.     1.288823E-7
            8147.     1.294395E-7
            8148.     1.299954E-7
            8149.     1.305509E-7
            8150.     1.311051E-7
            8151.     1.303484E-7
            8152.     1.295927E-7
            8153.     1.288380E-7
            8154.     1.280848E-7
            8155.     1.273322E-7
            8156.     1.265803E-7
            8157.     1.258298E-7
            8158.     1.250804E-7
            8159.     1.243320E-7
            8160.     1.235847E-7
            8161.     1.228380E-7
            8162.     1.220928E-7
            8163.     1.213490E-7
            8164.     1.206059E-7
            8165.     1.198638E-7
            8166.     1.191227E-7
            8167.     1.183827E-7
            8168.     1.176434E-7
            8169.     1.169055E-7
            8170.     1.161689E-7
            8171.     1.154331E-7
            8172.     1.146987E-7
            8173.     1.139650E-7
            8174.     1.132323E-7
            8175.     1.125002E-7
            8176.     1.117696E-7
            8177.     1.110400E-7
            8178.     1.103114E-7
            8179.     1.095839E-7
            8180.     1.088570E-7
            8181.     1.081323E-7
            8182.     1.074076E-7
            8183.     1.066842E-7
            8184.     1.059619E-7
            8185.     1.052406E-7
            8186.     1.045203E-7
            8187.     1.038007E-7
            8188.     1.030825E-7
            8189.     1.023653E-7
            8190.     1.016495E-7
            8191.     1.009344E-7
            8192.     1.002203E-7
            8193.     9.950730E-8
            8194.     9.879530E-8
            8195.     9.808431E-8
            8196.     9.737435E-8
            8197.     9.666540E-8
            8198.     9.595749E-8
            8199.     9.525058E-8
            8200.     9.454473E-8
            8201.     9.383992E-8
            8202.     9.313614E-8
            8203.     9.243337E-8
            8204.     9.173162E-8
            8205.     9.103091E-8
            8206.     9.033121E-8
         8206.999     8.963320E-8
            8208.     8.893486E-8
            8209.     8.823820E-8
            8210.     8.754259E-8
            8211.     8.684800E-8
            8212.     8.615446E-8
            8213.     8.546192E-8
            8214.     8.477039E-8
            8215.     8.407988E-8
            8216.     8.339039E-8
            8217.     8.270191E-8
            8218.     8.201445E-8
            8219.     8.132799E-8
            8220.     8.064255E-8
            8221.     7.995816E-8
            8222.     7.927478E-8
            8223.     7.859241E-8
            8224.     7.791105E-8
            8225.     7.723070E-8
            8226.     7.655137E-8
            8227.     7.587303E-8
            8228.     7.519571E-8
            8229.     7.451939E-8
            8230.     7.384409E-8
            8231.     7.316984E-8
            8232.     7.249658E-8
            8233.     7.182432E-8
            8234.     7.115310E-8
            8235.     7.048287E-8
            8236.     6.981363E-8
            8237.     6.914540E-8
            8238.     6.847818E-8
            8239.     6.781196E-8
            8240.     6.714676E-8
            8241.     6.648256E-8
            8242.     6.581939E-8
            8243.     6.515719E-8
            8244.     6.449601E-8
            8245.     6.383583E-8
            8246.     6.317666E-8
            8247.     6.251848E-8
            8248.     6.186129E-8
            8249.     6.120512E-8
            8250.     6.054993E-8
            8251.     6.050078E-8
            8252.     6.045165E-8
            8253.     6.040252E-8
            8254.     6.035341E-8
            8255.     6.030432E-8
            8256.     6.025525E-8
            8257.     6.020618E-8
            8258.     6.015713E-8
            8259.     6.010809E-8
            8260.     6.005907E-8
            8261.     6.001009E-8
            8262.     5.996113E-8
            8263.     5.991218E-8
            8264.     5.986324E-8
            8265.     5.981432E-8
            8266.     5.976542E-8
            8267.     5.971651E-8
            8268.     5.966764E-8
            8269.     5.961878E-8
            8270.     5.956993E-8
            8271.     5.952112E-8
            8272.     5.947232E-8
            8273.     5.942354E-8
            8274.     5.937478E-8
            8275.     5.932603E-8
            8276.     5.927730E-8
            8277.     5.922858E-8
            8278.     5.917987E-8
            8279.     5.913117E-8
            8280.     5.908250E-8
            8281.     5.903386E-8
            8282.     5.898524E-8
            8283.     5.893663E-8
            8284.     5.888803E-8
            8285.     5.883945E-8
            8286.     5.879090E-8
            8287.     5.874235E-8
            8288.     5.869380E-8
            8289.     5.864528E-8
            8290.     5.859677E-8
            8291.     5.854831E-8
            8292.     5.849985E-8
            8293.     5.845140E-8
            8294.     5.840297E-8
            8295.     5.835456E-8
         8296.001     5.830611E-8
            8297.     5.825778E-8
            8298.     5.820942E-8
            8299.     5.816106E-8
            8300.     5.811273E-8
            8301.     5.806443E-8
            8302.     5.801614E-8
            8303.     5.796786E-8
            8304.     5.791963E-8
            8305.     5.787139E-8
            8306.     5.782317E-8
            8307.     5.777495E-8
            8308.     5.772677E-8
            8309.     5.767858E-8
            8310.     5.763041E-8
            8311.     5.758228E-8
            8312.     5.753418E-8
            8313.     5.748607E-8
            8314.     5.743799E-8
            8315.     5.738991E-8
            8316.     5.734185E-8
            8317.     5.729381E-8
            8318.     5.724580E-8
            8319.     5.719777E-8
            8320.     5.714978E-8
            8321.     5.710181E-8
            8322.     5.705388E-8
            8323.     5.700594E-8
            8324.     5.695803E-8
            8325.     5.691012E-8
            8326.     5.686224E-8
            8327.     5.681437E-8
            8328.     5.676651E-8
            8329.     5.671866E-8
            8330.     5.667083E-8
            8331.     5.662305E-8
            8332.     5.657528E-8
            8333.     5.652752E-8
            8334.     5.647978E-8
            8335.     5.643205E-8
            8336.     5.638434E-8
            8337.     5.633665E-8
            8338.     5.628895E-8
            8339.     5.624128E-8
            8340.     5.619362E-8
         8341.001     5.614596E-8
            8342.     5.609840E-8
            8343.     5.605081E-8
            8344.     5.600323E-8
            8345.     5.595568E-8
            8346.     5.590814E-8
            8347.     5.586060E-8
            8348.     5.581309E-8
            8349.     5.576557E-8
            8350.     5.571809E-8
            8351.     5.514201E-8
         8351.999     5.456686E-8
            8353.     5.399095E-8
            8354.     5.341595E-8
            8355.     5.284134E-8
            8356.     5.226708E-8
            8357.     5.169320E-8
            8358.     5.111967E-8
         8359.001     5.054597E-8
            8360.     4.997375E-8
            8361.     4.940134E-8
            8362.     4.882931E-8
            8363.     4.825764E-8
            8364.     4.768635E-8
         8365.001     4.711486E-8
            8366.     4.654489E-8
            8367.     4.597470E-8
            8368.     4.540490E-8
         8368.999     4.483602E-8
            8370.     4.426641E-8
         8370.999     4.369829E-8
            8372.     4.312944E-8
            8373.     4.256150E-8
            8374.     4.199395E-8
            8375.     4.142678E-8
            8376.     4.085998E-8
            8377.     4.029357E-8
            8378.     3.972752E-8
            8379.     3.916185E-8
            8380.     3.859657E-8
            8381.     3.803166E-8
            8382.     3.746715E-8
            8383.     3.690302E-8
         8384.001     3.633871E-8
            8385.     3.577588E-8
         8386.001     3.521234E-8
            8387.     3.465028E-8
            8388.     3.408806E-8
            8389.     3.352621E-8
         8389.999     3.296530E-8
            8391.     3.240368E-8
            8392.     3.184299E-8
            8393.     3.128270E-8
            8394.     3.072277E-8
            8395.     3.016325E-8
         8395.999     2.960465E-8
            8397.     2.904536E-8
            8398.     2.848700E-8
            8399.     2.792902E-8
            8400.     2.737144E-8
            8401.     2.681424E-8
            8402.     2.625744E-8
         8403.001     2.570048E-8
            8404.     2.514501E-8
            8405.     2.458937E-8
            8406.     2.403414E-8
            8407.     2.347929E-8
            8408.     2.292484E-8
            8409.     2.237078E-8
            8410.     2.181712E-8
         8411.001     2.126332E-8
            8412.     2.071098E-8
            8413.     2.015851E-8
            8414.     1.960643E-8
         8414.999     1.905529E-8
            8416.     1.850347E-8
            8417.     1.795258E-8
            8418.     1.740209E-8
            8419.     1.685201E-8
            8420.     1.630232E-8
            8421.     1.575303E-8
            8422.     1.520414E-8
         8422.999     1.465619E-8
            8424.     1.410757E-8
            8425.     1.355989E-8
            8426.     1.301261E-8
            8427.     1.246573E-8
            8428.     1.191926E-8
            8429.     1.137319E-8
         8430.001     1.082699E-8
            8431.     1.028226E-8
            8432.     9.737413E-9
            8433.     9.192965E-9
            8434.     8.648926E-9
            8435.     8.105293E-9
            8436.     7.562067E-9
            8437.     7.019249E-9
            8438.     6.476840E-9
            8439.     5.934842E-9
         8439.999     5.393780E-9
            8441.     4.852072E-9
         8441.999     4.311830E-9
            8443.     3.770945E-9
            8444.     3.230999E-9
            8445.     2.691466E-9
            8446.     2.152345E-9
            8447.     1.613637E-9
            8448.     1.075344E-9
            8449.    5.374645E-10
            8450.              0.
         8550.999    5.142483E-10
            8552.     1.029026E-9
            8553.     1.542824E-9
            8554.     2.056148E-9
            8555.     2.568990E-9
            8556.     3.081354E-9
         8556.999     3.592739E-9
            8558.     4.104645E-9
            8559.     4.615570E-9
            8560.     5.126017E-9
            8561.     5.635981E-9
            8562.     6.145461E-9
            8563.     6.654462E-9
         8564.001     7.163475E-9
            8565.     7.671010E-9
            8566.     8.178562E-9
            8567.     8.685625E-9
            8568.     9.192205E-9
            8569.     9.698298E-9
            8570.     1.020391E-8
            8571.     1.070903E-8
         8572.001     1.121415E-8
            8573.     1.171781E-8
            8574.     1.222147E-8
            8575.     1.272464E-8
         8575.999     1.322683E-8
            8577.     1.372951E-8
            8578.     1.423120E-8
            8579.     1.473242E-8
            8580.     1.523313E-8
            8581.     1.573336E-8
            8582.     1.623309E-8
         8583.001     1.673282E-8
         8583.999     1.723059E-8
            8585.     1.772933E-8
            8586.     1.822709E-8
            8587.     1.872434E-8
            8588.     1.922111E-8
            8589.     1.971738E-8
            8590.     2.021315E-8
         8591.001     2.070891E-8
            8592.     2.120320E-8
            8593.     2.169748E-8
            8594.     2.219125E-8
            8595.     2.268453E-8
            8596.     2.317731E-8
            8597.     2.366959E-8
            8598.     2.416136E-8
            8599.     2.465263E-8
            8600.     2.514340E-8
            8601.     2.563367E-8
            8602.     2.612344E-8
         8602.999     2.661222E-8
            8604.     2.710146E-8
            8605.     2.758972E-8
            8606.     2.807746E-8
            8607.     2.856470E-8
            8608.     2.905144E-8
            8609.     2.953766E-8
         8610.001     3.002385E-8
            8611.     3.050858E-8
            8612.     3.099329E-8
            8613.     3.147748E-8
            8614.     3.196115E-8
            8615.     3.244432E-8
         8616.001     3.292745E-8
            8617.     3.340912E-8
         8618.001     3.389122E-8
            8619.     3.437187E-8
         8619.999     3.485202E-8
            8621.     3.533258E-8
         8621.999     3.581169E-8
            8623.     3.629122E-8
            8624.     3.676977E-8
            8625.     3.724779E-8
            8626.     3.772531E-8
            8627.     3.820230E-8
         8627.999     3.867831E-8
            8629.     3.915474E-8
            8630.     3.963018E-8
            8631.     4.010511E-8
            8632.     4.057950E-8
            8633.     4.105339E-8
            8634.     4.152675E-8
         8635.001     4.200005E-8
            8636.     4.247191E-8
            8637.     4.294370E-8
            8638.     4.341497E-8
            8639.     4.388571E-8
            8640.     4.435593E-8
            8641.     4.482563E-8
            8642.     4.529480E-8
            8643.     4.576345E-8
            8644.     4.623157E-8
            8645.     4.669917E-8
            8646.     4.716624E-8
         8646.999     4.763231E-8
            8648.     4.809878E-8
            8649.     4.856426E-8
            8650.     4.902920E-8
            8651.     4.900267E-8
            8652.     4.897613E-8
            8653.     4.894956E-8
         8654.001     4.892296E-8
         8654.999     4.889641E-8
            8656.     4.886977E-8
            8657.     4.884313E-8
            8658.     4.881649E-8
            8659.     4.878982E-8
            8660.     4.876313E-8
            8661.     4.873643E-8
         8662.001     4.870969E-8
            8663.     4.868298E-8
            8664.     4.865621E-8
            8665.     4.862945E-8
         8665.999     4.860268E-8
            8667.     4.857585E-8
            8668.     4.854903E-8
            8669.     4.852219E-8
            8670.     4.849533E-8
            8671.     4.846846E-8
            8672.     4.844158E-8
            8673.     4.841467E-8
         8673.999     4.838778E-8
            8675.     4.836081E-8
            8676.     4.833385E-8
            8677.     4.830688E-8
            8678.     4.827988E-8
            8679.     4.825286E-8
            8680.     4.822584E-8
         8681.001     4.819878E-8
            8682.     4.817174E-8
            8683.     4.814467E-8
            8684.     4.811757E-8
            8685.     4.809045E-8
            8686.     4.806332E-8
         8687.001     4.803615E-8
            8688.     4.800901E-8
            8689.     4.798181E-8
            8690.     4.795461E-8
         8690.999     4.792743E-8
            8692.     4.790017E-8
         8692.999     4.787295E-8
            8694.     4.784565E-8
            8695.     4.781836E-8
            8696.     4.779106E-8
            8697.     4.776374E-8
            8698.     4.773640E-8
            8699.     4.770904E-8
            8700.     4.768167E-8
            8701.     4.765428E-8
            8702.     4.762687E-8
            8703.     4.759945E-8
            8704.     4.757201E-8
            8705.     4.754455E-8
         8706.001     4.751706E-8
            8707.     4.748957E-8
         8708.001     4.746204E-8
            8709.     4.743454E-8
            8710.     4.740699E-8
            8711.     4.737943E-8
         8711.999     4.735188E-8
            8713.     4.732426E-8
            8714.     4.729664E-8
            8715.     4.726900E-8
            8716.     4.724136E-8
            8717.     4.721368E-8
         8717.999     4.718603E-8
            8719.     4.715830E-8
            8720.     4.713057E-8
            8721.     4.710283E-8
            8722.     4.707508E-8
            8723.     4.704732E-8
            8724.     4.701952E-8
         8725.001     4.699169E-8
            8726.     4.696390E-8
            8727.     4.693605E-8
            8728.     4.690819E-8
            8729.     4.688031E-8
            8730.     4.685242E-8
            8731.     4.682451E-8
            8732.     4.679658E-8
         8733.001     4.676860E-8
            8734.     4.674067E-8
            8735.     4.671270E-8
            8736.     4.668470E-8
         8736.999     4.665670E-8
            8738.     4.662864E-8
            8739.     4.660059E-8
            8740.     4.657252E-8
            8741.     4.654444E-8
            8742.     4.651634E-8
            8743.     4.648822E-8
         8744.001     4.646005E-8
         8744.999     4.643195E-8
            8746.     4.640375E-8
            8747.     4.637556E-8
            8748.     4.634736E-8
            8749.     4.631913E-8
            8750.     4.629089E-8
            8751.     4.580000E-8
         8752.001     4.530919E-8
            8753.     4.481988E-8
            8754.     4.433064E-8
            8755.     4.384195E-8
            8756.     4.335382E-8
            8757.     4.286622E-8
            8758.     4.237919E-8
            8759.     4.189270E-8
            8760.     4.140676E-8
            8761.     4.092139E-8
            8762.     4.043655E-8
            8763.     3.995228E-8
         8763.999     3.946904E-8
            8765.     3.898540E-8
            8766.     3.850280E-8
            8767.     3.802074E-8
            8768.     3.753924E-8
            8769.     3.705829E-8
            8770.     3.657791E-8
         8771.001     3.609762E-8
            8772.     3.561882E-8
            8773.     3.514011E-8
            8774.     3.466197E-8
            8775.     3.418438E-8
            8776.     3.370736E-8
         8777.001     3.323042E-8
            8778.     3.275498E-8
         8779.001     3.227917E-8
            8780.     3.180485E-8
         8780.999     3.133110E-8
            8782.     3.085698E-8
         8782.999     3.038436E-8
            8784.     2.991138E-8
            8785.     2.943941E-8
            8786.     2.896803E-8
            8787.     2.849720E-8
            8788.     2.802694E-8
            8789.     2.755724E-8
            8790.     2.708812E-8
            8791.     2.661956E-8
            8792.     2.615158E-8
            8793.     2.568416E-8
            8794.     2.521732E-8
            8795.     2.475104E-8
         8796.001     2.428488E-8
            8797.     2.382020E-8
         8798.001     2.335518E-8
            8799.     2.289165E-8
            8800.     2.242824E-8
            8801.     2.196540E-8
            8802.     2.150313E-8
            8803.     2.104143E-8
            8804.     2.058032E-8
            8805.     2.011978E-8
            8806.     1.965982E-8
            8807.     1.920042E-8
         8807.999     1.874206E-8
            8809.     1.828338E-8
            8810.     1.782572E-8
            8811.     1.736865E-8
            8812.     1.691216E-8
            8813.     1.645624E-8
            8814.     1.600091E-8
         8815.001     1.554571E-8
            8816.     1.509198E-8
            8817.     1.463839E-8
            8818.     1.418538E-8
            8819.     1.373295E-8
            8820.     1.328111E-8
            8821.     1.282986E-8
            8822.     1.237919E-8
         8823.001     1.192866E-8
            8824.     1.147960E-8
            8825.     1.103069E-8
            8826.     1.058237E-8
         8826.999     1.013506E-8
            8828.     9.687476E-9
            8829.     9.240910E-9
            8830.     8.794938E-9
            8831.     8.349555E-9
            8832.     7.904763E-9
            8833.     7.460559E-9
            8834.     7.016947E-9
         8834.999     6.574360E-9
            8836.     6.131500E-9
            8837.     5.689665E-9
            8838.     5.248424E-9
            8839.     4.807775E-9
            8840.     4.367722E-9
            8841.     3.928264E-9
         8842.001     3.488974E-9
            8843.     3.051135E-9
            8844.     2.613465E-9
            8845.     2.176392E-9
            8846.     1.739916E-9
            8847.     1.304039E-9
         8848.001    8.683348E-10
            8849.    4.340799E-10
            8850.              0.
            8951.    4.025465E-10
            8952.    8.044420E-10
            8953.     1.205686E-9
            8954.     1.606280E-9
            8955.     2.006220E-9
            8956.     2.405506E-9
         8957.001     2.804528E-9
            8958.     3.202118E-9
         8959.001     3.599830E-9
            8960.     3.996114E-9
            8961.     4.392128E-9
            8962.     4.787485E-9
            8963.     5.182187E-9
            8964.     5.576229E-9
            8965.     5.969615E-9
            8966.     6.362347E-9
            8967.     6.754416E-9
            8968.     7.145825E-9
         8968.999     7.536195E-9
            8970.     7.926666E-9
            8971.     8.316098E-9
            8972.     8.704869E-9
            8973.     9.092976E-9
            8974.     9.480423E-9
            8975.     9.867205E-9
         8976.001     1.025370E-8
            8977.     1.063878E-8
            8978.     1.102357E-8
            8979.     1.140770E-8
            8980.     1.179116E-8
            8981.     1.217396E-8
            8982.     1.255609E-8
            8983.     1.293755E-8
         8984.001     1.331872E-8
            8985.     1.369848E-8
            8986.     1.407794E-8
            8987.     1.445673E-8
         8987.999     1.483448E-8
            8989.     1.521230E-8
            8990.     1.558909E-8
            8991.     1.596520E-8
            8992.     1.634064E-8
            8993.     1.671541E-8
            8994.     1.708951E-8
         8995.001     1.746330E-8
         8995.999     1.783532E-8
            8997.     1.820776E-8
            8998.     1.857916E-8
            8999.     1.894989E-8
            9000.     1.931994E-8
            9001.     1.969068E-8
            9002.     2.006080E-8
         9003.001     2.043065E-8
            9004.     2.079916E-8
            9005.     2.116741E-8
            9006.     2.153504E-8
            9007.     2.190203E-8
            9008.     2.226841E-8
         9009.001     2.263451E-8
            9010.     2.299928E-8
            9011.     2.336377E-8
            9012.     2.372764E-8
            9013.     2.409088E-8
            9014.     2.445349E-8
         9014.999     2.481511E-8
            9016.     2.517682E-8
            9017.     2.553755E-8
            9018.     2.589764E-8
            9019.     2.625710E-8
            9020.     2.661594E-8
            9021.     2.697414E-8
         9022.001     2.733206E-8
         9022.999     2.768830E-8
            9024.     2.804496E-8
            9025.     2.840063E-8
            9026.     2.875567E-8
            9027.     2.911007E-8
         9028.001     2.946419E-8
            9029.     2.981698E-8
         9030.001     3.016982E-8
            9031.     3.052133E-8
            9032.     3.087256E-8
            9033.     3.122315E-8
         9033.999     3.157277E-8
            9035.     3.192242E-8
            9036.     3.227109E-8
            9037.     3.261913E-8
            9038.     3.296653E-8
            9039.     3.331327E-8
         9039.999     3.365906E-8
            9041.     3.400487E-8
         9041.999     3.434937E-8
            9043.     3.469389E-8
            9044.     3.503744E-8
            9045.     3.538035E-8
            9046.     3.572261E-8
         9047.001     3.606456E-8
            9048.     3.640520E-8
            9049.     3.674553E-8
            9050.     3.708521E-8
            9051.     3.668318E-8
            9052.     3.628175E-8
            9053.     3.588096E-8
            9054.     3.548076E-8
         9055.001     3.508080E-8
            9056.     3.468223E-8
            9057.     3.428388E-8
            9058.     3.388616E-8
         9058.999     3.348944E-8
            9060.     3.309256E-8
            9061.     3.269669E-8
            9062.     3.230145E-8
            9063.     3.190681E-8
            9064.     3.151280E-8
            9065.     3.111941E-8
         9066.001     3.072626E-8
         9066.999     3.033487E-8
            9068.     2.994297E-8
            9069.     2.955206E-8
            9070.     2.916178E-8
            9071.     2.877212E-8
            9072.     2.838309E-8
            9073.     2.799468E-8
         9074.001     2.760651E-8
            9075.     2.721974E-8
            9076.     2.683320E-8
            9077.     2.644730E-8
            9078.     2.606202E-8
            9079.     2.567736E-8
            9080.     2.529334E-8
            9081.     2.490994E-8
            9082.     2.452717E-8
            9083.     2.414504E-8
            9084.     2.376352E-8
            9085.     2.338264E-8
         9085.999     2.300276E-8
            9087.     2.262277E-8
            9088.     2.224379E-8
            9089.     2.186543E-8
            9090.     2.148771E-8
            9091.     2.111062E-8
            9092.     2.073416E-8
         9093.001     2.035798E-8
         9093.999     1.998352E-8
            9095.     1.960860E-8
            9096.     1.923469E-8
            9097.     1.886140E-8
            9098.     1.848876E-8
         9099.001     1.811639E-8
            9100.     1.774538E-8
         9101.001     1.737429E-8
            9102.     1.700455E-8
         9102.999     1.663546E-8
            9104.     1.626628E-8
         9104.999     1.589846E-8
            9106.     1.553057E-8
            9107.     1.516367E-8
            9108.     1.479741E-8
            9109.     1.443180E-8
            9110.     1.406683E-8
            9111.     1.370250E-8
            9112.     1.333881E-8
         9112.999     1.297613E-8
            9114.     1.261337E-8
            9115.     1.225161E-8
            9116.     1.189051E-8
            9117.     1.153004E-8
         9118.001     1.116987E-8
            9119.     1.081105E-8
         9120.001     1.045218E-8
            9121.     1.009465E-8
            9122.     9.737422E-9
            9123.     9.380841E-9
            9124.     9.024908E-9
            9125.     8.669626E-9
            9126.     8.314993E-9
            9127.     7.961011E-9
            9128.     7.607679E-9
            9129.     7.254996E-9
         9129.999     6.903312E-9
            9131.     6.551591E-9
         9131.999     6.201211E-9
            9133.     5.850797E-9
            9134.     5.501380E-9
            9135.     5.152617E-9
            9136.     4.804509E-9
         9137.001     4.456717E-9
            9138.     4.110259E-9
            9139.     3.764117E-9
            9140.     3.418632E-9
            9141.     3.073804E-9
            9142.     2.729634E-9
            9143.     2.386122E-9
            9144.     2.043268E-9
         9145.001     1.700739E-9
            9146.     1.359537E-9
         9147.001     1.018329E-9
            9148.    6.784469E-10
         9148.999    3.392239E-10
            9150.              0.
            9251.    3.043006E-10
            9252.    6.078967E-10
            9253.    9.107878E-10
         9254.001     1.213268E-9
         9254.999     1.514161E-9
            9256.     1.815228E-9
            9257.     2.115295E-9
            9258.     2.414654E-9
            9259.     2.713306E-9
            9260.     3.011250E-9
            9261.     3.308485E-9
         9262.001     3.605300E-9
            9263.     3.900826E-9
         9263.999     4.195643E-9
            9265.     4.490326E-9
         9265.999     4.783725E-9
            9267.     5.076985E-9
            9268.     5.369245E-9
            9269.     5.660794E-9
            9270.     5.951629E-9
            9271.     6.241753E-9
            9272.     6.531164E-9
            9273.     6.819858E-9
         9273.999     7.107558E-9
            9275.     7.395104E-9
            9276.     7.681654E-9
            9277.     7.967488E-9
            9278.     8.252605E-9
            9279.     8.537004E-9
            9280.     8.820688E-9
         9281.001     9.103929E-9
            9282.     9.385900E-9
            9283.     9.667429E-9
            9284.     9.948237E-9
            9285.     1.022833E-8
            9286.     1.050770E-8
            9287.     1.078635E-8
            9288.     1.106427E-8
            9289.     1.134148E-8
            9290.     1.161796E-8
         9290.999     1.189345E-8
            9292.     1.216876E-8
         9292.999     1.244281E-8
            9294.     1.271667E-8
            9295.     1.298953E-8
            9296.     1.326168E-8
            9297.     1.353309E-8
            9298.     1.380378E-8
            9299.     1.407375E-8
            9300.     1.434299E-8
            9301.     1.461150E-8
            9302.     1.487928E-8
            9303.     1.514634E-8
            9304.     1.541266E-8
            9305.     1.567826E-8
         9306.001     1.594339E-8
            9307.     1.620727E-8
         9308.001     1.647093E-8
            9309.     1.673336E-8
         9309.999     1.699505E-8
            9311.     1.725652E-8
         9311.999     1.751675E-8
            9313.     1.777675E-8
            9314.     1.803577E-8
            9315.     1.829405E-8
            9316.     1.855160E-8
            9317.     1.880842E-8
         9317.999     1.906425E-8
            9319.     1.931984E-8
            9320.     1.957445E-8
            9321.     1.982832E-8
            9322.     2.008146E-8
            9323.     2.033386E-8
            9324.     2.058552E-8
         9325.001     2.083668E-8
            9326.     2.108663E-8
            9327.     2.133607E-8
            9328.     2.158477E-8
            9329.     2.183273E-8
            9330.     2.207996E-8
            9331.     2.232644E-8
            9332.     2.257219E-8
            9333.     2.281719E-8
            9334.     2.306145E-8
            9335.     2.330497E-8
            9336.     2.354774E-8
         9336.999     2.378953E-8
            9338.     2.403105E-8
            9339.     2.427158E-8
            9340.     2.451138E-8
            9341.     2.475042E-8
            9342.     2.498873E-8
            9343.     2.522628E-8
         9344.001     2.546332E-8
         9344.999     2.569892E-8
            9346.     2.593447E-8
            9347.     2.616903E-8
            9348.     2.640285E-8
            9349.     2.663591E-8
            9350.     2.686823E-8
            9351.     2.656317E-8
         9352.001     2.625852E-8
            9353.     2.595520E-8
            9354.     2.565229E-8
            9355.     2.535011E-8
         9355.999     2.504895E-8
            9357.     2.474791E-8
            9358.     2.444790E-8
            9359.     2.414860E-8
            9360.     2.385004E-8
            9361.     2.355219E-8
            9362.     2.325507E-8
            9363.     2.295868E-8
         9363.999     2.266329E-8
            9365.     2.236807E-8
            9366.     2.207385E-8
            9367.     2.178035E-8
            9368.     2.148759E-8
            9369.     2.119555E-8
            9370.     2.090425E-8
         9371.001     2.061338E-8
            9372.     2.032382E-8
            9373.     2.003470E-8
            9374.     1.974631E-8
            9375.     1.945864E-8
            9376.     1.917172E-8
         9377.001     1.888524E-8
            9378.     1.860005E-8
            9379.     1.831532E-8
            9380.     1.803132E-8
         9380.999     1.774833E-8
            9382.     1.746552E-8
         9382.999     1.718399E-8
            9384.     1.690265E-8
            9385.     1.662232E-8
            9386.     1.634273E-8
            9387.     1.606387E-8
            9388.     1.578574E-8
            9389.     1.550836E-8
            9390.     1.523171E-8
            9391.     1.495580E-8
            9392.     1.468063E-8
            9393.     1.440620E-8
            9394.     1.413250E-8
            9395.     1.385955E-8
         9396.001     1.358707E-8
            9397.     1.331586E-8
         9398.001     1.304486E-8
            9399.     1.277514E-8
            9400.     1.250589E-8
            9401.     1.223739E-8
         9401.999     1.196988E-8
            9403.     1.170260E-8
            9404.     1.143633E-8
            9405.     1.117080E-8
            9406.     1.090601E-8
            9407.     1.064197E-8
         9407.999     1.037893E-8
            9409.     1.011613E-8
            9410.     9.854329E-9
            9411.     9.593276E-9
            9412.     9.332970E-9
            9413.     9.073412E-9
            9414.     8.814603E-9
         9415.001     8.556290E-9
            9416.     8.299232E-9
            9417.     8.042670E-9
            9418.     7.786861E-9
            9419.     7.531800E-9
            9420.     7.277492E-9
            9421.     7.023935E-9
            9422.     6.771132E-9
         9423.001     6.518835E-9
            9424.     6.267783E-9
            9425.     6.017239E-9
            9426.     5.767450E-9
         9426.999     5.518658E-9
            9428.     5.270136E-9
            9429.     5.022611E-9
            9430.     4.775844E-9
            9431.     4.529832E-9
            9432.     4.284578E-9
            9433.     4.040082E-9
            9434.     3.796343E-9
         9434.999     3.553601E-9
            9436.     3.311142E-9
            9437.     3.069681E-9
            9438.     2.828979E-9
            9439.     2.589037E-9
            9440.     2.349857E-9
            9441.     2.111437E-9
         9442.001     1.873548E-9
            9443.     1.636885E-9
            9444.     1.400752E-9
            9445.     1.165383E-9
            9446.    9.307771E-10
            9447.    6.969353E-10
            9448.    4.638584E-10
            9449.    2.315464E-10
            9450.              0.
            9451.    2.307802E-10
         9451.999    4.605694E-10
            9453.    6.900406E-10
         9453.999    9.182983E-10
            9455.     1.146233E-9
            9456.     1.373176E-9
            9457.     1.599350E-9
            9458.     1.824755E-9
            9459.     2.049390E-9
            9460.     2.273256E-9
            9461.     2.496350E-9
            9462.     2.718674E-9
            9463.     2.940225E-9
            9464.     3.161004E-9
            9465.     3.381011E-9
            9466.     3.600246E-9
         9467.001     3.818919E-9
            9468.     4.036392E-9
         9469.001     4.253515E-9
            9470.     4.469439E-9
         9470.999     4.684592E-9
            9472.     4.899388E-9
         9472.999     5.112988E-9
            9474.     5.326227E-9
            9475.     5.538482E-9
            9476.     5.749959E-9
            9477.     5.960657E-9
            9478.     6.170575E-9
         9478.999     6.379514E-9
            9480.     6.588078E-9
            9481.     6.795660E-9
            9482.     7.002459E-9
            9483.     7.208477E-9
            9484.     7.413715E-9
            9485.     7.618171E-9
         9486.001     7.822042E-9
            9487.     8.024733E-9
            9488.     8.226840E-9
            9489.     8.428160E-9
            9490.     8.628699E-9
            9491.     8.828453E-9
            9492.     9.027420E-9
            9493.     9.225601E-9
            9494.     9.422995E-9
            9495.     9.619604E-9
            9496.     9.815424E-9
            9497.     1.001046E-8
         9497.999     1.020451E-8
            9499.     1.039816E-8
            9500.     1.059083E-8
            9501.     1.078700E-8
            9502.     1.098257E-8
            9503.     1.117753E-8
            9504.     1.137188E-8
         9505.001     1.156581E-8
         9505.999     1.175857E-8
            9507.     1.195128E-8
            9508.     1.214321E-8
            9509.     1.233451E-8
            9510.     1.252522E-8
            9511.     1.271531E-8
            9512.     1.290480E-8
         9513.001     1.309387E-8
            9514.     1.328196E-8
            9515.     1.346964E-8
            9516.     1.365670E-8
         9516.999     1.384298E-8
            9518.     1.402901E-8
            9519.     1.421426E-8
            9520.     1.439890E-8
            9521.     1.458294E-8
            9522.     1.476638E-8
            9523.     1.494921E-8
            9524.     1.513144E-8
         9524.999     1.531289E-8
            9526.     1.549409E-8
            9527.     1.567450E-8
            9528.     1.585431E-8
            9529.     1.603352E-8
            9530.     1.621213E-8
            9531.     1.639014E-8
         9532.001     1.656772E-8
            9533.     1.674435E-8
            9534.     1.692055E-8
            9535.     1.709615E-8
            9536.     1.727115E-8
            9537.     1.744555E-8
         9538.001     1.761951E-8
            9539.     1.779254E-8
            9540.     1.796514E-8
            9541.     1.813714E-8
         9541.999     1.830837E-8
            9543.     1.847934E-8
         9543.999     1.864938E-8
            9545.     1.881915E-8
            9546.     1.898815E-8
            9547.     1.915656E-8
            9548.     1.932437E-8
            9549.     1.949157E-8
            9550.     1.965818E-8
            9551.     1.943165E-8
            9552.     1.920571E-8
            9553.     1.898040E-8
            9554.     1.875569E-8
            9555.     1.853160E-8
            9556.     1.830812E-8
         9557.001     1.808504E-8
            9558.     1.786300E-8
         9559.001     1.764114E-8
            9560.     1.742032E-8
            9561.     1.719990E-8
            9562.     1.698009E-8
         9562.999     1.676110E-8
            9564.     1.654230E-8
            9565.     1.632432E-8
            9566.     1.610695E-8
            9567.     1.589018E-8
            9568.     1.567403E-8
         9568.999     1.545870E-8
            9570.     1.524355E-8
            9571.     1.502923E-8
            9572.     1.481552E-8
            9573.     1.460241E-8
            9574.     1.438991E-8
            9575.     1.417802E-8
         9576.001     1.396653E-8
            9577.     1.375606E-8
            9578.     1.354599E-8
            9579.     1.333652E-8
            9580.     1.312766E-8
            9581.     1.291941E-8
            9582.     1.271177E-8
            9583.     1.250473E-8
         9584.001     1.229810E-8
            9585.     1.209247E-8
            9586.     1.188725E-8
            9587.     1.168263E-8
         9587.999     1.147881E-8
            9589.     1.127520E-8
            9590.     1.107239E-8
            9591.     1.087019E-8
            9592.     1.066859E-8
            9593.     1.046760E-8
            9594.     1.026721E-8
         9595.001     1.006722E-8
         9595.999     9.868422E-9
            9597.     9.669642E-9
            9598.     9.471660E-9
            9599.     9.274276E-9
            9600.     9.077497E-9
            9601.     8.881321E-9
            9602.     8.685744E-9
         9603.001     8.490577E-9
            9604.     8.296391E-9
            9605.     8.102617E-9
            9606.     7.909442E-9
            9607.     7.716866E-9
            9608.     7.524889E-9
            9609.     7.333511E-9
            9610.     7.142734E-9
            9611.     6.952555E-9
            9612.     6.762976E-9
            9613.     6.573995E-9
            9614.     6.385612E-9
         9614.999     6.198009E-9
            9616.     6.010638E-9
            9617.     5.824047E-9
            9618.     5.638053E-9
            9619.     5.452654E-9
            9620.     5.267852E-9
            9621.     5.083650E-9
         9622.001     4.899862E-9
            9623.     4.717030E-9
            9624.     4.534612E-9
            9625.     4.352791E-9
            9626.     4.171565E-9
            9627.     3.990932E-9
         9628.001     3.810720E-9
            9629.     3.631452E-9
         9630.001     3.452429E-9
            9631.     3.274349E-9
         9631.999     3.096862E-9
            9633.     2.919621E-9
         9633.999     2.743319E-9
            9635.     2.567265E-9
            9636.     2.391976E-9
            9637.     2.217278E-9
            9638.     2.043173E-9
            9639.     1.869660E-9
         9639.999     1.696907E-9
            9641.     1.524408E-9
            9642.     1.352668E-9
            9643.     1.181520E-9
            9644.     1.010962E-9
            9645.    8.409939E-10
            9646.    6.716163E-10
         9647.001    5.026636E-10
            9648.    3.346296E-10
            9649.    1.670202E-10
            9650.              0.
           10051.    6.058507E-11
           10052.    1.208189E-10
           10053.    1.808782E-10
           10054.    2.405291E-10
           10055.    3.000048E-10
           10056.    3.591313E-10
           10057.    4.179670E-10
           10058.    4.765127E-10
           10059.    5.348254E-10
           10060.    5.927351E-10
           10061.    6.504127E-10
           10062.    7.078016E-10
           10063.    7.649021E-10
           10064.    8.217149E-10
           10065.    8.782400E-10
           10066.    9.344784E-10
           10067.    9.904841E-10
           10068.     1.046094E-9
           10069.     1.101473E-9
           10070.     1.156566E-9
           10071.     1.211321E-9
           10072.     1.265899E-9
           10073.     1.320085E-9
           10074.     1.374093E-9
           10075.     1.427764E-9
           10076.     1.481153E-9
           10077.     1.534258E-9
           10078.     1.587132E-9
           10079.     1.639570E-9
           10080.     1.691879E-9
           10081.     1.743857E-9
           10082.     1.795554E-9
           10083.     1.846971E-9
           10084.     1.898107E-9
           10085.     1.948963E-9
           10086.     1.999590E-9
           10087.     2.049837E-9
           10088.     2.099857E-9
           10089.     2.149597E-9
           10090.     2.199059E-9
           10091.     2.248246E-9
           10092.     2.297107E-9
           10093.     2.345786E-9
           10094.     2.394142E-9
           10095.     2.442222E-9
           10096.     2.490025E-9
           10097.     2.537554E-9
           10098.     2.584762E-9
           10099.     2.631787E-9
           10100.     2.678492E-9
           10101.     2.724924E-9
           10102.     2.771084E-9
           10103.     2.816970E-9
           10104.     2.862583E-9
           10105.     2.907969E-9
           10106.     2.952951E-9
           10107.     2.997792E-9
           10108.     3.042320E-9
           10109.     3.086576E-9
           10110.     3.130562E-9
           10111.     3.174279E-9
           10112.     3.217727E-9
           10113.     3.260948E-9
           10114.     3.303816E-9
           10115.     3.346416E-9
           10116.     3.388831E-9
           10117.     3.430896E-9
           10118.     3.472777E-9
           10119.     3.514348E-9
           10120.     3.555653E-9
           10121.     3.596695E-9
           10122.     3.637471E-9
           10123.     3.677981E-9
           10124.     3.718226E-9
           10125.     3.758167E-9
           10126.     3.797923E-9
           10127.     3.837375E-9
           10128.     3.876565E-9
           10129.     3.915491E-9
           10130.     3.954193E-9
           10131.     3.992558E-9
           10132.     4.030736E-9
           10133.     4.068580E-9
           10134.     4.106198E-9
           10135.     4.143556E-9
           10136.     4.180654E-9
           10137.     4.217492E-9
           10138.     4.254071E-9
           10139.     4.290389E-9
           10140.     4.326450E-9
           10141.     4.362254E-9
           10142.     4.397765E-9
           10143.     4.433089E-9
           10144.     4.468085E-9
           10145.     4.502894E-9
           10146.     4.537412E-9
           10147.     4.571674E-9
           10148.     4.605680E-9
           10149.     4.639464E-9
           10150.     4.672926E-9
           10151.     4.612979E-9
           10152.     4.553309E-9
           10153.     4.493919E-9
           10154.     4.434809E-9
           10155.     4.375976E-9
           10156.     4.317421E-9
           10157.     4.259087E-9
           10158.     4.201144E-9
           10159.     4.143365E-9
           10160.     4.085973E-9
           10161.     4.028860E-9
           10162.     3.971912E-9
           10163.     3.915348E-9
           10164.     3.858950E-9
           10165.     3.802882E-9
           10166.     3.747086E-9
           10167.     3.691565E-9
           10168.     3.636264E-9
           10169.     3.581397E-9
           10170.     3.526641E-9
           10171.     3.472213E-9
           10172.     3.418057E-9
           10173.     3.364171E-9
           10174.     3.310557E-9
           10175.     3.257213E-9
           10176.     3.204088E-9
           10177.     3.151337E-9
           10178.     3.098803E-9
           10179.     3.046539E-9
           10180.     2.994543E-9
           10181.     2.942816E-9
           10182.     2.891358E-9
           10183.     2.840167E-9
           10184.     2.789244E-9
           10185.     2.738587E-9
           10186.     2.688198E-9
           10187.     2.638073E-9
           10188.     2.588263E-9
           10189.     2.538621E-9
           10190.     2.489293E-9
           10191.     2.440230E-9
           10192.     2.391432E-9
           10193.     2.342897E-9
           10194.     2.294626E-9
           10195.     2.246570E-9
           10196.     2.198917E-9
           10197.     2.151388E-9
           10198.     2.104166E-9
           10199.     2.057205E-9
           10200.     2.010506E-9
           10201.     1.964069E-9
           10202.     1.917891E-9
           10203.     1.871929E-9
           10204.     1.826315E-9
           10205.     1.780916E-9
           10206.     1.735776E-9
           10207.     1.690938E-9
           10208.     1.646271E-9
           10209.     1.601905E-9
           10210.     1.557796E-9
           10211.     1.513945E-9
           10212.     1.470350E-9
           10213.     1.427011E-9
           10214.     1.383927E-9
           10215.     1.341141E-9
           10216.     1.298527E-9
           10217.     1.256208E-9
           10218.     1.214144E-9
           10219.     1.172334E-9
           10220.     1.130777E-9
           10221.     1.089473E-9
           10222.     1.048382E-9
           10223.     1.007623E-9
           10224.    9.670760E-10
           10225.    9.267805E-10
           10226.    8.867360E-10
           10227.    8.469423E-10
           10228.    8.073603E-10
           10229.    7.681054E-10
           10230.    7.290614E-10
           10231.    6.902669E-10
           10232.    6.517586E-10
           10233.    6.134238E-10
           10234.    5.754114E-10
           10235.    5.375726E-10
           10236.    5.000181E-10
           10237.    4.627104E-10
           10238.    4.256492E-10
           10239.    3.888341E-10
           10240.    3.522647E-10
           10241.    3.159407E-10
           10242.    2.798617E-10
           10243.    2.440271E-10
           10244.    2.084367E-10
           10245.    1.730901E-10
           10246.    1.379869E-10
           10247.    1.030927E-10
           10248.    6.850898E-11
           10249.    3.410011E-11
           10250.              0.
           10550.    6.808474E-15
           10551.    6.947584E-12
           10552.    1.386020E-11
           10553.    2.073792E-11
           10554.    2.757415E-11
           10555.    3.438890E-11
           10556.    4.115565E-11
           10557.    4.790092E-11
           10558.    5.460498E-11
           10559.    6.127446E-11
           10560.    6.790950E-11
           10561.    7.451005E-11
           10562.    8.107621E-11
           10563.    8.760805E-11
           10564.    9.410559E-11
           10565.    1.005689E-10
           10566.    1.069982E-10
           10567.    1.133933E-10
           10568.    1.197544E-10
           10569.    1.260876E-10
           10570.    1.323746E-10
           10571.    1.386400E-10
           10572.    1.448594E-10
           10573.    1.510511E-10
           10574.    1.572092E-10
           10575.    1.633276E-10
           10576.    1.694244E-10
           10577.    1.754817E-10
           10578.    1.815056E-10
           10579.    1.874960E-10
           10580.    1.934531E-10
           10581.    1.993712E-10
           10582.    2.052677E-10
           10583.    2.111250E-10
           10584.    2.169494E-10
           10585.    2.227407E-10
           10586.    2.284989E-10
           10587.    2.342243E-10
           10588.    2.399222E-10
           10589.    2.455764E-10
           10590.    2.512033E-10
           10591.    2.567974E-10
           10592.    2.623590E-10
           10593.    2.678879E-10
           10594.    2.733843E-10
           10595.    2.788482E-10
           10596.    2.842850E-10
           10597.    2.896789E-10
           10598.    2.950457E-10
           10599.    3.003803E-10
           10600.    3.056775E-10
           10601.    3.109530E-10
           10602.    3.161912E-10
           10603.    3.213974E-10
           10604.    3.265716E-10
           10605.    3.317140E-10
           10606.    3.368246E-10
           10607.    3.419083E-10
           10608.    3.469453E-10
           10609.    3.519656E-10
           10610.    3.569493E-10
           10611.    3.619015E-10
           10612.    3.668223E-10
           10613.    3.717115E-10
           10614.    3.765694E-10
           10615.    3.814007E-10
           10616.    3.861913E-10
           10617.    3.909554E-10
           10618.    3.956884E-10
           10619.    4.003902E-10
           10620.    4.050611E-10
           10621.    4.097011E-10
           10622.    4.143100E-10
           10623.    4.188883E-10
           10624.    4.234356E-10
           10625.    4.279523E-10
           10626.    4.324382E-10
           10627.    4.368891E-10
           10628.    4.413183E-10
           10629.    4.457126E-10
           10630.    4.500764E-10
           10631.    4.544098E-10
           10632.    4.587128E-10
           10633.    4.629855E-10
           10634.    4.672323E-10
           10635.    4.714406E-10
           10636.    4.756229E-10
           10637.    4.797752E-10
           10638.    4.838975E-10
           10639.    4.879898E-10
           10640.    4.920563E-10
           10641.    4.960850E-10
           10642.    5.000919E-10
           10643.    5.040613E-10
           10644.    5.080011E-10
           10645.    5.119190E-10
           10646.    5.157998E-10
           10647.    5.196588E-10
           10648.    5.234844E-10
           10649.    5.272807E-10
           10650.    5.310478E-10
           10651.    5.294907E-10
           10652.    5.279355E-10
           10653.    5.263824E-10
           10654.    5.248310E-10
           10655.    5.232817E-10
           10656.    5.217342E-10
           10657.    5.201887E-10
           10658.    5.186451E-10
           10659.    5.171020E-10
           10660.    5.155638E-10
           10661.    5.140245E-10
           10662.    5.124902E-10
           10663.    5.109563E-10
           10664.    5.094243E-10
           10665.    5.078943E-10
           10666.    5.063663E-10
           10667.    5.048400E-10
           10668.    5.033158E-10
           10669.    5.017935E-10
           10670.    5.002732E-10
           10671.    4.987561E-10
           10672.    4.972382E-10
           10673.    4.957236E-10
           10674.    4.942110E-10
           10675.    4.927003E-10
           10676.    4.911916E-10
           10677.    4.896847E-10
           10678.    4.881783E-10
           10679.    4.866783E-10
           10680.    4.851758E-10
           10681.    4.836767E-10
           10682.    4.821796E-10
           10683.    4.806843E-10
           10684.    4.791910E-10
           10685.    4.776996E-10
           10686.    4.762087E-10
           10687.    4.747227E-10
           10688.    4.732372E-10
           10689.    4.717535E-10
           10690.    4.702733E-10
           10691.    4.687921E-10
           10692.    4.673142E-10
           10693.    4.658383E-10
           10694.    4.643644E-10
           10695.    4.628923E-10
           10696.    4.614223E-10
           10697.    4.599542E-10
           10698.    4.584893E-10
           10699.    4.570236E-10
           10700.    4.555613E-10
           10701.    4.541009E-10
           10702.    4.526424E-10
           10703.    4.511858E-10
           10704.    4.497312E-10
           10705.    4.482771E-10
           10706.    4.468278E-10
           10707.    4.453790E-10
           10708.    4.439321E-10
           10709.    4.424872E-10
           10710.    4.410442E-10
           10711.    4.396018E-10
           10712.    4.381641E-10
           10713.    4.367269E-10
           10714.    4.352916E-10
           10715.    4.338597E-10
           10716.    4.324270E-10
           10717.    4.309988E-10
           10718.    4.295700E-10
           10719.    4.281444E-10
           10720.    4.267208E-10
           10721.    4.252990E-10
           10722.    4.238793E-10
           10723.    4.224616E-10
           10724.    4.210455E-10
           10725.    4.196316E-10
           10726.    4.182196E-10
           10727.    4.168095E-10
           10728.    4.154013E-10
           10729.    4.139950E-10
           10730.    4.125894E-10
           10731.    4.111885E-10
           10732.    4.097866E-10
           10733.    4.083895E-10
           10734.    4.069930E-10
           10735.    4.055984E-10
           10736.    4.042071E-10
           10737.    4.028151E-10
           10738.    4.014262E-10
           10739.    4.000393E-10
           10740.    3.986544E-10
           10741.    3.972714E-10
           10742.    3.958917E-10
           10743.    3.945113E-10
           10744.    3.931341E-10
           10745.    3.917588E-10
           10746.    3.903855E-10
           10747.    3.890141E-10
           10748.    3.876446E-10
           10749.    3.862758E-10
           10750.    3.849116E-10
           10751.    3.797124E-10
           10752.    3.745425E-10
           10753.    3.694017E-10
           10754.    3.642899E-10
           10755.    3.592071E-10
           10756.    3.541532E-10
           10757.    3.491234E-10
           10758.    3.441322E-10
           10759.    3.391647E-10
           10760.    3.342261E-10
           10761.    3.293209E-10
           10762.    3.244346E-10
           10763.    3.195817E-10
           10764.    3.147573E-10
           10765.    3.099613E-10
           10766.    3.051937E-10
           10767.    3.004543E-10
           10768.    2.957386E-10
           10769.    2.910649E-10
           10770.    2.864055E-10
           10771.    2.817788E-10
           10772.    2.771801E-10
           10773.    2.726093E-10
           10774.    2.680664E-10
           10775.    2.635514E-10
           10776.    2.590597E-10
           10777.    2.546046E-10
           10778.    2.501727E-10
           10779.    2.457684E-10
           10780.    2.413916E-10
           10781.    2.370424E-10
           10782.    2.327206E-10
           10783.    2.284261E-10
           10784.    2.241590E-10
           10785.    2.199191E-10
           10786.    2.157064E-10
           10787.    2.115209E-10
           10788.    2.073665E-10
           10789.    2.032309E-10
           10790.    1.991265E-10
           10791.    1.950489E-10
           10792.    1.909981E-10
           10793.    1.869741E-10
           10794.    1.829769E-10
           10795.    1.790025E-10
           10796.    1.750625E-10
           10797.    1.711451E-10
           10798.    1.672542E-10
           10799.    1.633897E-10
           10800.    1.595517E-10
           10801.    1.557362E-10
           10802.    1.519545E-10
           10803.    1.481915E-10
           10804.    1.444621E-10
           10805.    1.407587E-10
           10806.    1.370741E-10
           10807.    1.334226E-10
           10808.    1.297900E-10
           10809.    1.261867E-10
           10810.    1.226093E-10
           10811.    1.190576E-10
           10812.    1.155315E-10
           10813.    1.120312E-10
           10814.    1.085563E-10
           10815.    1.051070E-10
           10816.    1.016832E-10
           10817.    9.828469E-11
           10818.    9.491156E-11
           10819.    9.156371E-11
           10820.    8.823781E-11
           10821.    8.494357E-11
           10822.    8.166803E-11
           10823.    7.842390E-11
           10824.    7.520155E-11
           10825.    7.200413E-11
           10826.    6.883159E-11
           10827.    6.568385E-11
           10828.    6.256087E-11
           10829.    5.946258E-11
           10830.    5.638893E-11
           10831.    5.333986E-11
           10832.    5.031825E-11
           10833.    4.731521E-11
           10834.    4.433953E-11
           10835.    4.138819E-11
           10836.    3.846114E-11
           10837.    3.555831E-11
           10838.    3.267965E-11
           10839.    2.982234E-11
           10840.    2.699463E-11
           10841.    2.418814E-11
           10842.    2.140559E-11
           10843.    1.864693E-11
           10844.    1.591208E-11
           10845.    1.320099E-11
           10846.    1.051362E-11
           10847.    7.847298E-12
           10848.    5.209747E-12
           10849.    2.590593E-12
           10850.              0.
