#  Table wf4f375nsys.tab  Mon 12:22:44 02-Jun-97

#      WAVELENGTH      THROUGHPUT
#       angstroms                

            1215     0.
            1216.     3.503357E-8
            1217.     3.543054E-8
            1218.     3.583023E-8
            1219.     3.623265E-8
            1220.     3.663780E-8
            1221.     3.696175E-8
            1222.     3.728763E-8
            1223.     3.761544E-8
            1224.     3.794517E-8
            1225.     3.827685E-8
            1226.     3.861047E-8
            1227.     3.894604E-8
            1228.     3.928358E-8
            1229.     3.962308E-8
            1230.     3.996456E-8
            1231.     4.023284E-8
            1232.     4.050240E-8
            1233.     4.077325E-8
            1234.     4.104539E-8
            1235.     4.131882E-8
            1236.     4.159355E-8
            1237.     4.186959E-8
            1238.     4.214693E-8
            1239.     4.242557E-8
            1240.     4.270553E-8
            1241.     4.292634E-8
            1242.     4.314800E-8
            1243.     4.337047E-8
            1244.     4.359380E-8
            1245.     4.381796E-8
            1246.     4.404297E-8
            1247.     4.426882E-8
            1248.     4.449551E-8
            1249.     4.472305E-8
            1250.     4.495145E-8
            1251.     4.513592E-8
            1252.     4.532095E-8
            1253.     4.550651E-8
            1254.     4.569264E-8
            1255.     4.587929E-8
            1256.     4.606651E-8
            1257.     4.625428E-8
            1258.     4.644260E-8
            1259.     4.663147E-8
            1260.     4.682089E-8
            1261.     4.697384E-8
            1262.     4.712713E-8
            1263.     4.728074E-8
            1264.     4.743470E-8
            1265.     4.758899E-8
            1266.     4.774364E-8
            1267.     4.789861E-8
            1268.     4.805390E-8
            1269.     4.820955E-8
            1270.     4.836554E-8
            1271.     4.849061E-8
            1272.     4.861585E-8
            1273.     4.874128E-8
            1274.     4.886689E-8
            1275.     4.899268E-8
            1276.     4.911865E-8
            1277.     4.924480E-8
            1278.     4.937114E-8
            1279.     4.949764E-8
            1280.     4.962434E-8
            1281.     4.972675E-8
            1282.     4.982924E-8
            1283.     4.993178E-8
            1284.     5.003442E-8
            1285.     5.013712E-8
            1286.     5.023989E-8
            1287.     5.034273E-8
            1288.     5.044565E-8
            1289.     5.054864E-8
            1290.     5.065170E-8
            1291.     5.073717E-8
            1292.     5.082265E-8
            1293.     5.090814E-8
            1294.     5.099360E-8
            1295.     5.107910E-8
            1296.     5.116458E-8
            1297.     5.125005E-8
            1298.     5.133555E-8
            1299.     5.142103E-8
            1300.     5.150653E-8
            1301.     5.158088E-8
            1302.     5.165520E-8
            1303.     5.172945E-8
            1304.     5.180368E-8
            1305.     5.187787E-8
            1306.     5.195202E-8
            1307.     5.202613E-8
            1308.     5.210020E-8
            1309.     5.217421E-8
            1310.     5.224820E-8
            1311.     5.231341E-8
            1312.     5.237854E-8
            1313.     5.244361E-8
            1314.     5.250858E-8
            1315.     5.257350E-8
            1316.     5.263834E-8
            1317.     5.270311E-8
            1318.     5.276779E-8
            1319.     5.283239E-8
            1320.     5.289694E-8
            1321.     5.295444E-8
            1322.     5.301185E-8
            1323.     5.306915E-8
            1324.     5.312635E-8
            1325.     5.318345E-8
            1326.     5.324045E-8
            1327.     5.329735E-8
            1328.     5.335414E-8
            1329.     5.341083E-8
            1330.     5.346741E-8
            1331.     5.351763E-8
            1332.     5.356771E-8
            1333.     5.361768E-8
            1334.     5.366749E-8
            1335.     5.371719E-8
            1336.     5.376678E-8
            1337.     5.381623E-8
            1338.     5.386555E-8
            1339.     5.391472E-8
            1340.     5.396380E-8
            1341.     5.400850E-8
            1342.     5.405306E-8
            1343.     5.409747E-8
            1344.     5.414175E-8
            1345.     5.418586E-8
            1346.     5.422985E-8
            1347.     5.427368E-8
            1348.     5.431738E-8
            1349.     5.436091E-8
            1350.     5.440432E-8
            1351.     5.444448E-8
            1352.     5.448447E-8
            1353.     5.452432E-8
            1354.     5.456400E-8
            1355.     5.459456E-8
            1356.     5.462497E-8
            1357.     5.465524E-8
            1358.     5.468536E-8
            1359.     5.471532E-8
            1360.     5.474515E-8
            1361.     5.477307E-8
            1362.     5.480086E-8
            1363.     5.482847E-8
            1364.     5.485595E-8
            1365.     5.488324E-8
            1366.     5.491042E-8
            1367.     5.493741E-8
            1368.     5.496427E-8
            1369.     5.499095E-8
            1370.     5.501749E-8
            1371.     5.504380E-8
            1372.     5.506996E-8
            1373.     5.509595E-8
            1374.     5.512180E-8
            1375.     5.514747E-8
            1376.     5.517301E-8
            1377.     5.519837E-8
            1378.     5.522360E-8
            1379.     5.524865E-8
            1380.     5.527355E-8
            1381.     5.529937E-8
            1382.     5.532503E-8
            1383.     5.535054E-8
            1384.     5.537590E-8
            1385.     5.540110E-8
            1386.     5.542615E-8
            1387.     5.545103E-8
            1388.     5.547578E-8
            1389.     5.550036E-8
            1390.     5.552478E-8
            1391.     5.555180E-8
            1392.     5.557867E-8
            1393.     5.560539E-8
            1394.     5.563197E-8
            1395.     5.565840E-8
            1396.     5.568466E-8
            1397.     5.571080E-8
            1398.     5.573679E-8
            1399.     5.576263E-8
            1400.     5.578832E-8
            1401.     5.581748E-8
            1402.     5.584651E-8
            1403.     5.587540E-8
            1404.     5.590415E-8
            1405.     5.593277E-8
            1406.     5.596125E-8
            1407.     5.598959E-8
            1408.     5.601780E-8
            1409.     5.604586E-8
            1410.     5.607379E-8
            1411.     5.610342E-8
            1412.     5.613290E-8
            1413.     5.616226E-8
            1414.     5.619149E-8
            1415.     5.622059E-8
            1416.     5.624955E-8
            1417.     5.627839E-8
            1418.     5.630709E-8
            1419.     5.633566E-8
            1420.     5.636409E-8
            1421.     5.639161E-8
            1422.     5.641898E-8
            1423.     5.644621E-8
            1424.     5.647331E-8
            1425.     5.650029E-8
            1426.     5.652713E-8
            1427.     5.655382E-8
            1428.     5.658040E-8
            1429.     5.660683E-8
            1430.     5.663313E-8
            1431.     5.665660E-8
            1432.     5.667993E-8
            1433.     5.670313E-8
            1434.     5.672618E-8
            1435.     5.674910E-8
            1436.     5.677187E-8
            1437.     5.679450E-8
            1438.     5.681699E-8
            1439.     5.683934E-8
            1440.     5.686156E-8
            1441.     5.687830E-8
            1442.     5.689489E-8
            1443.     5.691133E-8
            1444.     5.692762E-8
            1445.     5.694374E-8
            1446.     5.695973E-8
            1447.     5.697555E-8
            1448.     5.699124E-8
            1449.     5.700674E-8
            1450.     5.702212E-8
            1451.     5.702932E-8
            1452.     5.703635E-8
            1453.     5.704321E-8
            1454.     5.704989E-8
            1455.     5.705641E-8
            1456.     5.706276E-8
            1457.     5.706894E-8
            1458.     5.707494E-8
            1459.     5.708077E-8
            1460.     5.708644E-8
            1461.     5.708207E-8
            1462.     5.707750E-8
            1463.     5.707274E-8
            1464.     5.706780E-8
            1465.     5.706267E-8
            1466.     5.705735E-8
            1467.     5.705182E-8
            1468.     5.704611E-8
            1469.     5.704020E-8
            1470.     5.703412E-8
            1471.     5.701511E-8
            1472.     5.699592E-8
            1473.     5.697650E-8
            1474.     5.695686E-8
            1475.     5.693700E-8
            1476.     5.691695E-8
            1477.     5.689666E-8
            1478.     5.687617E-8
            1479.     5.685545E-8
            1480.     5.683454E-8
            1481.     5.679868E-8
            1482.     5.676260E-8
            1483.     5.672625E-8
            1484.     5.668969E-8
            1485.     5.665288E-8
            1486.     5.661585E-8
            1487.     5.657856E-8
            1488.     5.660972E-8
            1489.     5.664042E-8
            1490.     5.667068E-8
            1491.     5.668347E-8
            1492.     5.669574E-8
            1493.     5.670748E-8
            1494.     5.671870E-8
            1495.     5.672939E-8
            1496.     5.673955E-8
            1497.     5.674918E-8
            1498.     5.675828E-8
            1499.     5.676686E-8
            1500.     5.677492E-8
            1501.     5.673729E-8
            1502.     5.669896E-8
            1503.     5.665995E-8
            1504.     5.662025E-8
            1505.     5.657983E-8
            1506.     5.653873E-8
            1507.     5.649693E-8
            1508.     5.645445E-8
            1509.     5.641126E-8
            1510.     5.636739E-8
            1511.     5.630954E-8
            1512.     5.625095E-8
            1513.     5.619162E-8
            1514.     5.613159E-8
            1515.     5.607081E-8
            1516.     5.600931E-8
            1517.     5.594709E-8
            1518.     5.588414E-8
            1519.     5.582045E-8
            1520.     5.575605E-8
            1521.     5.568297E-8
            1522.     5.560914E-8
            1523.     5.553457E-8
            1524.     5.545927E-8
            1525.     5.538321E-8
            1526.     5.530644E-8
            1527.     5.522890E-8
            1528.     5.515065E-8
            1529.     5.507163E-8
            1530.     5.499190E-8
            1531.     5.490787E-8
            1532.     5.482310E-8
            1533.     5.473760E-8
            1534.     5.465133E-8
            1535.     5.456435E-8
            1536.     5.447663E-8
            1537.     5.438815E-8
            1538.     5.429898E-8
            1539.     5.420905E-8
            1540.     5.411839E-8
            1541.     5.402848E-8
            1542.     5.393786E-8
            1543.     5.384650E-8
            1544.     5.375443E-8
            1545.     5.366164E-8
            1546.     5.349007E-8
            1547.     5.331835E-8
            1548.     5.314649E-8
            1549.     5.297450E-8
            1550.     5.280236E-8
            1551.     5.263580E-8
            1552.     5.246911E-8
            1553.     5.230227E-8
            1554.     5.213528E-8
            1555.     5.196819E-8
            1556.     5.180094E-8
            1557.     5.163356E-8
            1558.     5.146603E-8
            1559.     5.129839E-8
            1560.     5.113059E-8
            1561.     5.097289E-8
            1562.     5.081503E-8
            1563.     5.065704E-8
            1564.     5.049891E-8
            1565.     5.034065E-8
            1566.     5.018226E-8
            1567.     5.002373E-8
            1568.     4.986508E-8
            1569.     4.970630E-8
            1570.     4.954738E-8
            1571.     4.940188E-8
            1572.     4.925624E-8
            1573.     4.911045E-8
            1574.     4.896454E-8
            1575.     4.881851E-8
            1576.     4.867233E-8
            1577.     4.852603E-8
            1578.     4.837959E-8
            1579.     4.823302E-8
            1580.     4.808633E-8
            1581.     4.795715E-8
            1582.     4.782783E-8
            1583.     4.769840E-8
            1584.     4.756884E-8
            1585.     4.743913E-8
            1586.     4.730930E-8
            1587.     4.717933E-8
            1588.     4.704923E-8
            1589.     4.691899E-8
            1590.     4.678864E-8
            1591.     4.667874E-8
            1592.     4.656867E-8
            1593.     4.645849E-8
            1594.     4.634816E-8
            1595.     4.623772E-8
            1596.     4.612713E-8
            1597.     4.601642E-8
            1598.     4.590557E-8
            1599.     4.579460E-8
            1600.     4.568349E-8
            1601.     4.559563E-8
            1602.     4.550763E-8
            1603.     4.541951E-8
            1604.     4.533126E-8
            1605.     4.524287E-8
            1606.     4.515437E-8
            1607.     4.506572E-8
            1608.     4.497696E-8
            1609.     4.488806E-8
            1610.     4.479903E-8
            1611.     4.473437E-8
            1612.     4.466959E-8
            1613.     4.460468E-8
            1614.     4.453965E-8
            1615.     4.447451E-8
            1616.     4.440924E-8
            1617.     4.434385E-8
            1618.     4.427833E-8
            1619.     4.421270E-8
            1620.     4.414695E-8
            1621.     4.410614E-8
            1622.     4.406522E-8
            1623.     4.402421E-8
            1624.     4.398308E-8
            1625.     4.394185E-8
            1626.     4.390051E-8
            1627.     4.385905E-8
            1628.     4.381749E-8
            1629.     4.377582E-8
            1630.     4.373405E-8
            1631.     4.371772E-8
            1632.     4.370130E-8
            1633.     4.368480E-8
            1634.     4.366822E-8
            1635.     4.365154E-8
            1636.     4.363480E-8
            1637.     4.361794E-8
            1638.     4.360102E-8
            1639.     4.358401E-8
            1640.     4.356691E-8
            1641.     4.357620E-8
            1642.     4.358547E-8
            1643.     4.359468E-8
            1644.     4.360384E-8
            1645.     4.361295E-8
            1646.     4.362201E-8
            1647.     4.363101E-8
            1648.     4.363998E-8
            1649.     4.366916E-8
            1650.     4.369830E-8
            1651.     4.375455E-8
            1652.     4.381080E-8
            1653.     4.386706E-8
            1654.     4.392334E-8
            1655.     4.397963E-8
            1656.     4.403594E-8
            1657.     4.409226E-8
            1658.     4.414857E-8
            1659.     4.420492E-8
            1660.     4.426127E-8
            1661.     4.434280E-8
            1662.     4.442440E-8
            1663.     4.450612E-8
            1664.     4.458791E-8
            1665.     4.466980E-8
            1666.     4.475179E-8
            1667.     4.483387E-8
            1668.     4.491605E-8
            1669.     4.499830E-8
            1670.     4.508066E-8
            1671.     4.518562E-8
            1672.     4.529075E-8
            1673.     4.539605E-8
            1674.     4.550153E-8
            1675.     4.560719E-8
            1676.     4.571303E-8
            1677.     4.581904E-8
            1678.     4.592521E-8
            1679.     4.603158E-8
            1680.     4.613812E-8
            1681.     4.626477E-8
            1682.     4.639167E-8
            1683.     4.651884E-8
            1684.     4.664626E-8
            1685.     4.677394E-8
            1686.     4.690189E-8
            1687.     4.703010E-8
            1688.     4.715854E-8
            1689.     4.728725E-8
            1690.     4.741623E-8
            1691.     4.756278E-8
            1692.     4.770966E-8
            1693.     4.785688E-8
            1694.     4.800441E-8
            1695.     4.815233E-8
            1696.     4.830056E-8
            1697.     4.844914E-8
            1698.     4.859805E-8
            1699.     4.874730E-8
            1700.     4.889688E-8
            1701.     4.906184E-8
            1702.     4.922720E-8
            1703.     4.939296E-8
            1704.     4.955914E-8
            1705.     4.972574E-8
            1706.     4.989275E-8
            1707.     5.006017E-8
            1708.     5.022800E-8
            1709.     5.039625E-8
            1710.     5.056492E-8
            1711.     5.074712E-8
            1712.     5.092983E-8
            1713.     5.111304E-8
            1714.     5.129671E-8
            1715.     5.148087E-8
            1716.     5.166550E-8
            1717.     5.185063E-8
            1718.     5.203624E-8
            1719.     5.222233E-8
            1720.     5.240892E-8
            1721.     5.260653E-8
            1722.     5.280467E-8
            1723.     5.300340E-8
            1724.     5.320264E-8
            1725.     5.340242E-8
            1726.     5.360277E-8
            1727.     5.380365E-8
            1728.     5.400508E-8
            1729.     5.420706E-8
            1730.     5.440959E-8
            1731.     5.462152E-8
            1732.     5.483406E-8
            1733.     5.504719E-8
            1734.     5.526088E-8
            1735.     5.547520E-8
            1736.     5.569013E-8
            1737.     5.590563E-8
            1738.     5.612177E-8
            1739.     5.633849E-8
            1740.     5.655581E-8
            1741.     5.678056E-8
            1742.     5.700596E-8
            1743.     5.723198E-8
            1744.     5.745866E-8
            1745.     5.768597E-8
            1746.     5.791393E-8
            1747.     5.814254E-8
            1748.     5.837181E-8
            1749.     5.860172E-8
            1750.     5.883228E-8
            1751.     5.901577E-8
            1752.     5.919961E-8
            1753.     5.938379E-8
            1754.     5.956832E-8
            1755.     5.975320E-8
            1756.     5.993844E-8
            1757.     6.012399E-8
            1758.     6.030994E-8
            1759.     6.049622E-8
            1760.     6.068284E-8
            1761.     6.087387E-8
            1762.     6.106522E-8
            1763.     6.125694E-8
            1764.     6.144904E-8
            1765.     6.164151E-8
            1766.     6.183433E-8
            1767.     6.202751E-8
            1768.     6.222106E-8
            1769.     6.241498E-8
            1770.     6.260927E-8
            1771.     6.280794E-8
            1772.     6.300701E-8
            1773.     6.320643E-8
            1774.     6.340624E-8
            1775.     6.360644E-8
            1776.     6.380701E-8
            1777.     6.400796E-8
            1778.     6.420932E-8
            1779.     6.441103E-8
            1780.     6.461313E-8
            1781.     6.481937E-8
            1782.     6.502600E-8
            1783.     6.523302E-8
            1784.     6.544045E-8
            1785.     6.564827E-8
            1786.     6.585648E-8
            1787.     6.606509E-8
            1788.     6.627410E-8
            1789.     6.648351E-8
            1790.     6.669335E-8
            1791.     6.690759E-8
            1792.     6.712228E-8
            1793.     6.733740E-8
            1794.     6.755290E-8
            1795.     6.776884E-8
            1796.     6.798519E-8
            1797.     6.820194E-8
            1798.     6.841913E-8
            1799.     6.863671E-8
            1800.     6.885470E-8
            1801.     6.907657E-8
            1802.     6.929885E-8
            1803.     6.952156E-8
            1804.     6.974471E-8
            1805.     6.996827E-8
            1806.     7.019226E-8
            1807.     7.041671E-8
            1808.     7.064154E-8
            1809.     7.086683E-8
            1810.     7.109253E-8
            1811.     7.132258E-8
            1812.     7.155308E-8
            1813.     7.178400E-8
            1814.     7.201539E-8
            1815.     7.224718E-8
            1816.     7.247949E-8
            1817.     7.271218E-8
            1818.     7.294535E-8
            1819.     7.317895E-8
            1820.     7.341300E-8
            1821.     7.365121E-8
            1822.     7.388989E-8
            1823.     7.412903E-8
            1824.     7.436863E-8
            1825.     7.460869E-8
            1826.     7.484921E-8
            1827.     7.509018E-8
            1828.     7.533162E-8
            1829.     7.557352E-8
            1830.     7.581589E-8
            1831.     7.606255E-8
            1832.     7.630969E-8
            1833.     7.655729E-8
            1834.     7.680539E-8
            1835.     7.705394E-8
            1836.     7.730299E-8
            1837.     7.755250E-8
            1838.     7.780250E-8
            1839.     7.805297E-8
            1840.     7.830392E-8
            1841.     7.855900E-8
            1842.     7.881459E-8
            1843.     7.907065E-8
            1844.     7.932722E-8
            1845.     7.958427E-8
            1846.     7.984180E-8
            1847.     8.009984E-8
            1848.     8.035838E-8
            1849.     8.061740E-8
            1850.     8.087692E-8
            1851.     8.114073E-8
            1852.     8.140505E-8
            1853.     8.166986E-8
            1854.     8.193518E-8
            1855.     8.220102E-8
            1856.     8.246737E-8
            1857.     8.273421E-8
            1858.     8.300158E-8
            1859.     8.326945E-8
            1860.     8.353784E-8
            1861.     8.376307E-8
            1862.     8.398862E-8
            1863.     8.421441E-8
            1864.     8.444046E-8
            1865.     8.466678E-8
            1866.     8.489338E-8
            1867.     8.512023E-8
            1868.     8.534737E-8
            1869.     8.557475E-8
            1870.     8.580241E-8
            1871.     8.603407E-8
            1872.     8.626599E-8
            1873.     8.649819E-8
            1874.     8.673068E-8
            1875.     8.696342E-8
            1876.     8.719646E-8
            1877.     8.742976E-8
            1878.     8.766335E-8
            1879.     8.789718E-8
            1880.     8.809504E-8
            1881.     7.946711E-8
            1882.     7.079891E-8
            1883.     6.209039E-8
            1884.     5.334154E-8
            1885.     4.455232E-8
            1886.     3.572273E-8
            1887.     2.685271E-8
            1888.     1.794228E-8
            1889.     8.991378E-9
            1890.    1.100052E-12
            1891.              0.
            3611.     1.993869E-8
            3612.     3.990889E-8
            3613.     5.989618E-8
            3614.     7.990520E-8
            3615.     9.993119E-8
            3616.     1.199888E-7
            3617.     1.400634E-7
            3618.     1.601648E-7
            3619.     1.802832E-7
            3620.     2.004185E-7
            3621.     2.205822E-7
            3622.     2.407681E-7
            3623.     2.609763E-7
            3624.     2.812017E-7
            3625.     3.014543E-7
            3626.     3.217340E-7
            3627.     3.420310E-7
            3628.     3.623554E-7
            3629.     3.826921E-7
            3630.     4.030559E-7
            3631.     4.234462E-7
            3632.     4.438537E-7
            3633.     4.642784E-7
            3634.     4.847303E-7
            3635.     5.052043E-7
            3636.     5.257008E-7
            3637.     5.462145E-7
            3638.     5.667553E-7
            3639.     5.873237E-7
            3640.     6.079092E-7
            3641.     6.285223E-7
            3642.     6.491478E-7
            3643.     6.698007E-7
            3644.     6.904760E-7
            3645.     7.111737E-7
            3646.     7.318936E-7
            3647.     7.526311E-7
            3648.     7.734010E-7
            3649.     7.941879E-7
            3650.     8.150028E-7
            3651.     8.358280E-7
            3652.     8.566910E-7
            3653.     8.775716E-7
            3654.     8.984800E-7
            3655.     9.194007E-7
            3656.     9.403495E-7
            3657.     9.613206E-7
            3658.     9.823145E-7
            3659.     1.003331E-6
            3660.     1.024365E-6
            3661.     1.045433E-6
            3662.     1.066518E-6
            3663.     1.087631E-6
            3664.     1.108751E-6
            3665.     1.129910E-6
            3666.     1.151086E-6
            3667.     1.172285E-6
            3668.     1.193507E-6
            3669.     1.214751E-6
            3670.     1.236014E-6
            3671.     1.257310E-6
            3672.     1.278624E-6
            3673.     1.299956E-6
            3674.     1.321321E-6
            3675.     1.342704E-6
            3676.     1.364110E-6
            3677.     1.385544E-6
            3678.     1.406990E-6
            3679.     1.428465E-6
            3680.     1.449963E-6
            3681.     1.471484E-6
            3682.     1.493023E-6
            3683.     1.514589E-6
            3684.     1.536185E-6
            3685.     1.557798E-6
            3686.     1.579439E-6
            3687.     1.601093E-6
            3688.     1.622775E-6
            3689.     1.644480E-6
            3690.     1.666277E-6
            3691.     1.944976E-6
            3692.     2.223980E-6
            3693.     6.675802E-6
            3694.     1.113243E-5
            3695.     1.587241E-5
            3696.     2.061641E-5
            3697.     2.982821E-5
            3698.     3.904894E-5
            3699.     5.581881E-5
            3700.     7.259884E-5
            3701.     1.005765E-4
            3702.     1.285848E-4
            3703.     1.759219E-4
            3704.     2.233107E-4
            3705.     3.085292E-4
            3706.     3.938826E-4
            3707.     5.415342E-4
            3708.     6.893470E-4
            3709.     9.088213E-4
            3710.     0.001128642
            3711.     0.001464385
            3712.     0.001800605
            3713.     0.002252662
            3714.     0.002705101
            3715.     0.003243446
            3716.     0.003782377
            3717.     0.004405035
            3718.     0.005028219
            3719.     0.005660285
            3720.     0.006292888
            3721.      0.00685698
            3722.     0.007421791
            3723.     0.007856936
            3724.     0.008292657
            3725.     0.008568071
            3726.     0.008843783
            3727.     0.009001057
            3728.     0.009158457
            3729.     0.009254545
            3730.     0.009350695
            3731.     0.009446973
            3732.     0.009543303
            3733.     0.009613319
            3734.     0.009683404
            3735.     0.009738778
            3736.     0.009794181
            3737.     0.009776712
            3738.     0.009759225
            3739.     0.009674396
            3740.     0.009589492
            3741.     0.009361741
            3742.     0.009133646
            3743.     0.008616935
            3744.     0.008099461
            3745.     0.007293937
            3746.     0.006487338
            3747.     0.005411438
            3748.     0.004334367
            3749.     0.003400088
            3750.     0.002465022
            3751.     0.001869552
            3752.     0.001273662
            3753.     9.567707E-4
            3754.     6.396124E-4
            3755.     4.899812E-4
            3756.     3.402653E-4
            3757.     2.632392E-4
            3758.     1.861671E-4
            3759.     1.435935E-4
            3760.     1.009738E-4
            3761.     7.995658E-5
            3762.     5.891669E-5
            3763.     4.537046E-5
            3764.     3.180301E-5
            3765.     2.748101E-5
            3766.     2.315435E-5
            3767.     1.795554E-5
            3768.     1.274859E-5
            3769.     1.014637E-5
            3770.     7.540506E-6
            3771.     4.062924E-6
            3772.     5.807312E-7
            3773.     5.710291E-7
            3774.     5.613117E-7
            3775.     5.515860E-7
            3776.     5.418516E-7
            3777.     5.321020E-7
            3778.     5.223440E-7
            3779.     5.125752E-7
            3780.     5.027932E-7
            3781.     4.930039E-7
            3782.     4.832013E-7
            3783.     4.733857E-7
            3784.     4.635642E-7
            3785.     4.537319E-7
            3786.     4.438866E-7
            3787.     4.340281E-7
            3788.     4.241613E-7
            3789.     4.142813E-7
            3790.     4.043955E-7
            3791.     3.944952E-7
            3792.     3.845843E-7
            3793.     3.746602E-7
            3794.     3.647303E-7
            3795.     3.547873E-7
            3796.     3.448336E-7
            3797.     3.348692E-7
            3798.     3.248940E-7
            3799.     3.149106E-7
            3800.     3.049115E-7
            3801.     2.949051E-7
            3802.     2.848854E-7
            3803.     2.748598E-7
            3804.     2.648209E-7
            3805.     2.547712E-7
            3806.     2.447108E-7
            3807.     2.346395E-7
            3808.     2.245598E-7
            3809.     2.144643E-7
            3810.     2.043605E-7
            3811.     1.942452E-7
            3812.     1.841216E-7
            3813.     1.739823E-7
            3814.     1.638346E-7
            3815.     1.536737E-7
            3816.     1.435044E-7
            3817.     1.333268E-7
            3818.     1.231384E-7
            3819.     1.129342E-7
            3820.     1.027217E-7
            3821.     9.250051E-8
            3822.     8.226359E-8
            3823.     7.201837E-8
            3824.     6.176240E-8
            3825.     5.149314E-8
            3826.     4.121810E-8
            3827.     3.092977E-8
            3828.     2.062813E-8
            3829.     1.032072E-8
            3830.              0.
            7991.     9.064788E-8
            7992.     1.812027E-7
            7993.     2.716204E-7
            7994.     3.619893E-7
            7995.     4.523094E-7
            7996.     5.424925E-7
            7997.     6.325826E-7
            7998.     7.225799E-7
            7999.     8.124845E-7
            8000.     9.022959E-7
            8001.     9.016391E-7
            8002.     9.009815E-7
            8003.     9.003247E-7
            8004.     8.996677E-7
            8005.     8.990112E-7
            8006.     8.983547E-7
            8007.     8.976980E-7
            8008.     8.970422E-7
            8009.     8.963866E-7
            8010.     8.957310E-7
            8011.     8.950760E-7
            8012.     8.944210E-7
            8013.     8.937662E-7
            8014.     8.931112E-7
            8015.     8.924566E-7
            8016.     8.918024E-7
            8017.     8.911483E-7
            8018.     8.904944E-7
            8019.     8.898409E-7
            8020.     8.891874E-7
            8021.     8.885338E-7
            8022.     8.878811E-7
            8023.     8.872285E-7
            8024.     8.865760E-7
            8025.     8.859236E-7
            8026.     8.852712E-7
            8027.     8.846193E-7
            8028.     8.839678E-7
            8029.     8.833161E-7
            8030.     8.826648E-7
            8031.     8.820139E-7
            8032.     8.813631E-7
            8033.     8.807125E-7
            8034.     8.800623E-7
            8035.     8.794121E-7
            8036.     8.787620E-7
            8037.     8.781125E-7
            8038.     8.774629E-7
            8039.     8.768133E-7
            8040.     8.761637E-7
            8041.     8.755150E-7
            8042.     8.748665E-7
            8043.     8.742178E-7
            8044.     8.735697E-7
            8045.     8.729212E-7
            8046.     8.722740E-7
            8047.     8.716260E-7
            8048.     8.709785E-7
            8049.     8.703311E-7
            8050.     8.696840E-7
            8051.     8.690374E-7
            8052.     8.683905E-7
            8053.     8.677442E-7
            8054.     8.670981E-7
            8055.     8.664525E-7
            8056.     8.658068E-7
            8057.     8.651615E-7
            8058.     8.645162E-7
            8059.     8.638705E-7
            8060.     8.632255E-7
            8061.     8.625809E-7
            8062.     8.619365E-7
            8063.     8.612924E-7
            8064.     8.606487E-7
            8065.     8.600050E-7
            8066.     8.593611E-7
            8067.     8.587176E-7
            8068.     8.580743E-7
            8069.     8.574312E-7
            8070.     8.567883E-7
            8071.     8.561456E-7
            8072.     8.555033E-7
            8073.     8.548616E-7
            8074.     8.542197E-7
            8075.     8.535781E-7
            8076.     8.529366E-7
            8077.     8.522953E-7
            8078.     8.516540E-7
            8079.     8.510131E-7
            8080.     8.503723E-7
            8081.     8.497319E-7
            8082.     8.490923E-7
            8083.     8.484523E-7
            8084.     8.478126E-7
            8085.     8.471727E-7
            8086.     8.465334E-7
            8087.     8.458941E-7
            8088.     8.452552E-7
            8089.     8.446162E-7
            8090.     8.439772E-7
            8091.     8.433398E-7
            8092.     8.427014E-7
            8093.     8.420636E-7
            8094.     8.414261E-7
            8095.     8.407885E-7
            8096.     8.401515E-7
            8097.     8.395140E-7
            8098.     8.388770E-7
            8099.     8.382403E-7
            8100.     8.376041E-7
            8101.     8.369681E-7
            8102.     8.363323E-7
            8103.     8.356969E-7
            8104.     8.350611E-7
            8105.     8.344257E-7
            8106.     8.337906E-7
            8107.     8.331558E-7
            8108.     8.325210E-7
            8109.     8.318866E-7
            8110.     8.312523E-7
            8111.     7.475562E-7
            8112.     6.639875E-7
            8113.     5.805455E-7
            8114.     4.972304E-7
            8115.     4.140421E-7
            8116.     3.309400E-7
            8117.     2.480051E-7
            8118.     1.652372E-7
            8119.     8.255534E-8
            8120.              0.
            8131.     8.179818E-8
            8132.     1.634704E-7
            8133.     2.450168E-7
            8134.     3.264374E-7
            8135.     4.077721E-7
            8136.     4.888619E-7
            8137.     5.699452E-7
            8138.     6.508632E-7
            8139.     7.316556E-7
            8140.     8.123226E-7
            8141.     8.116951E-7
            8142.     8.110674E-7
            8143.     8.104403E-7
            8144.     8.098132E-7
            8145.     8.091868E-7
            8146.     8.085601E-7
            8147.     8.079336E-7
            8148.     8.073077E-7
            8149.     8.066812E-7
            8150.     8.060554E-7
            8151.     8.054300E-7
            8152.     8.048044E-7
            8153.     8.041795E-7
            8154.     8.035549E-7
            8155.     8.029301E-7
            8156.     8.023052E-7
            8157.     8.016808E-7
            8158.     8.010566E-7
            8159.     8.004325E-7
            8160.     7.998087E-7
            8161.     7.991850E-7
            8162.     7.985619E-7
            8163.     7.979393E-7
            8164.     7.973165E-7
            8165.     7.966938E-7
            8166.     7.960713E-7
            8167.     7.954491E-7
            8168.     7.948269E-7
            8169.     7.942049E-7
            8170.     7.935834E-7
            8171.     7.929623E-7
            8172.     7.923417E-7
            8173.     7.917208E-7
            8174.     7.911001E-7
            8175.     7.904793E-7
            8176.     7.898592E-7
            8177.     7.892390E-7
            8178.     7.886190E-7
            8179.     7.879993E-7
            8180.     7.873793E-7
            8181.     7.867609E-7
            8182.     7.861417E-7
            8183.     7.855230E-7
            8184.     7.849044E-7
            8185.     7.842859E-7
            8186.     7.836679E-7
            8187.     7.830493E-7
            8188.     7.824315E-7
            8189.     7.818139E-7
            8190.     7.811969E-7
            8191.     8.586377E-7
            8192.     9.359555E-7
            8193.     1.013150E-6
            8194.     1.090222E-6
            8195.     1.167170E-6
            8196.     1.243996E-6
            8197.     1.320699E-6
            8198.     1.397278E-6
            8199.     1.473735E-6
            8200.     1.550070E-6
            8201.     1.471398E-6
            8202.     1.392850E-6
            8203.     1.314424E-6
            8204.     1.236122E-6
            8205.     1.157943E-6
            8206.     1.079888E-6
         8206.999     1.002031E-6
            8208.     9.241450E-7
            8209.     8.464579E-7
            8210.     7.688940E-7
            8211.     7.682811E-7
            8212.     7.676686E-7
            8213.     7.670563E-7
            8214.     7.664440E-7
            8215.     7.658319E-7
            8216.     7.652201E-7
            8217.     7.646084E-7
            8218.     7.639969E-7
            8219.     7.633855E-7
            8220.     7.627743E-7
            8221.     7.621637E-7
            8222.     7.615531E-7
            8223.     7.609428E-7
            8224.     7.603327E-7
            8225.     7.597227E-7
            8226.     7.591129E-7
            8227.     7.585032E-7
            8228.     7.578939E-7
            8229.     7.572846E-7
            8230.     7.566755E-7
            8231.     7.560670E-7
            8232.     7.554587E-7
            8233.     7.548504E-7
            8234.     7.542424E-7
            8235.     7.536347E-7
            8236.     7.530269E-7
            8237.     7.524195E-7
            8238.     7.518122E-7
            8239.     7.512051E-7
            8240.     7.505981E-7
            8241.     7.499916E-7
            8242.     7.493854E-7
            8243.     7.487792E-7
            8244.     7.481732E-7
            8245.     7.475675E-7
            8246.     7.469619E-7
            8247.     7.463565E-7
            8248.     7.457513E-7
            8249.     7.451462E-7
            8250.     7.445413E-7
            8251.     7.439370E-7
            8252.     7.433328E-7
            8253.     7.427287E-7
            8254.     7.421248E-7
            8255.     7.415212E-7
            8256.     7.409178E-7
            8257.     7.403145E-7
            8258.     7.397113E-7
            8259.     7.391083E-7
            8260.     7.385056E-7
            8261.     7.379032E-7
            8262.     7.373013E-7
            8263.     7.366993E-7
            8264.     7.360975E-7
            8265.     7.354960E-7
            8266.     7.348947E-7
            8267.     7.342934E-7
            8268.     7.336924E-7
            8269.     7.330916E-7
            8270.     7.324909E-7
            8271.     7.318907E-7
            8272.     7.312907E-7
            8273.     7.306909E-7
            8274.     7.300913E-7
            8275.     7.294919E-7
            8276.     7.288926E-7
            8277.     7.282936E-7
            8278.     7.276946E-7
            8279.     7.270958E-7
            8280.     7.264973E-7
            8281.     6.533093E-7
            8282.     5.802411E-7
            8283.     5.072926E-7
            8284.     4.344637E-7
            8285.     3.617544E-7
            8286.     2.891647E-7
            8287.     2.166944E-7
            8288.     1.443436E-7
            8289.     7.211212E-8
            8290.              0.
            8321.     7.021424E-8
            8322.     1.403105E-7
            8323.     2.102890E-7
            8324.     2.801496E-7
            8325.     3.498926E-7
            8326.     4.195178E-7
            8327.     4.890254E-7
            8328.     5.584154E-7
            8329.     6.276877E-7
            8330.     6.968426E-7
            8331.     6.962551E-7
            8332.     6.956677E-7
            8333.     6.950804E-7
            8334.     6.944934E-7
            8335.     6.939065E-7
            8336.     6.933199E-7
            8337.     6.927334E-7
            8338.     6.921470E-7
            8339.     6.915608E-7
            8340.     6.909748E-7
         8341.001     6.903888E-7
            8342.     6.898039E-7
            8343.     6.892188E-7
            8344.     6.886337E-7
            8345.     6.880489E-7
            8346.     6.874643E-7
            8347.     6.868798E-7
            8348.     6.862956E-7
            8349.     6.857113E-7
            8350.     6.851275E-7
            8351.     6.848927E-7
         8351.999     6.846581E-7
            8353.     6.844226E-7
            8354.     6.841871E-7
            8355.     6.839515E-7
            8356.     6.837157E-7
            8357.     6.834796E-7
            8358.     6.832433E-7
         8359.001     6.830066E-7
            8360.     6.827702E-7
            8361.     6.142801E-7
            8362.     5.458371E-7
            8363.     4.774413E-7
            8364.     4.090930E-7
         8365.001     3.407253E-7
            8366.     2.725385E-7
            8367.     2.043324E-7
            8368.     1.361740E-7
         8368.999     6.812961E-8
            8370.              0.
            8441.     6.629182E-8
         8441.999     1.324682E-7
            8443.     1.987232E-7
            8444.     2.648626E-7
            8445.     3.309512E-7
            8446.     3.969889E-7
            8447.     4.629753E-7
            8448.     5.289110E-7
            8449.     5.947952E-7
            8450.     6.606282E-7
            8451.     5.943356E-7
            8452.     5.280938E-7
            8453.     4.619029E-7
            8454.     3.957632E-7
         8455.001     3.296099E-7
            8456.     2.636370E-7
         8457.001     1.975863E-7
            8458.     1.317158E-7
         8458.999     6.589647E-8
            8460.              0.
         8520.001    6.267263E-11
            8521.     6.416389E-8
            8522.     1.282705E-7
            8523.     1.923198E-7
            8524.     2.563117E-7
            8525.     3.202462E-7
         8526.001     3.841855E-7
            8527.     4.479425E-7
            8528.     5.117044E-7
            8529.     5.754082E-7
         8529.999     6.389924E-7
            8531.     5.748897E-7
         8531.999     5.108448E-7
            8533.     4.467324E-7
            8534.     3.827402E-7
            8535.     3.188056E-7
            8536.     2.549288E-7
            8537.     1.911097E-7
            8538.     1.273485E-7
            8539.     6.364524E-8
            8540.              0.
            8561.     6.300166E-8
            8562.     1.259443E-7
            8563.     1.888278E-7
         8564.001     2.517136E-7
            8565.     3.144173E-7
            8566.     3.771233E-7
            8567.     4.397697E-7
            8568.     5.023569E-7
            8569.     5.648844E-7
            8570.     6.273525E-7
            8571.     5.643499E-7
         8572.001     5.013450E-7
            8573.     4.385224E-7
            8574.     3.756977E-7
            8575.     3.129324E-7
         8575.999     2.502879E-7
            8577.     1.875805E-7
            8578.     1.249939E-7
            8579.     6.246707E-8
            8580.              0.
         8591.001     6.216731E-8
            8592.     1.241530E-7
            8593.     1.861389E-7
            8594.     2.480643E-7
            8595.     3.099292E-7
            8596.     3.717335E-7
            8597.     4.334769E-7
            8598.     4.951597E-7
            8599.     5.567816E-7
            8600.     6.183426E-7
            8601.     6.180389E-7
            8602.     6.177350E-7
         8602.999     6.174311E-7
            8604.     6.171263E-7
            8605.     6.168218E-7
            8606.     6.165168E-7
            8607.     6.162117E-7
            8608.     6.159063E-7
            8609.     6.156009E-7
         8610.001     6.152947E-7
            8611.     6.149890E-7
            8612.     6.146828E-7
            8613.     6.143763E-7
            8614.     6.140696E-7
            8615.     6.137627E-7
         8616.001     6.134553E-7
            8617.     6.131481E-7
         8618.001     6.128403E-7
            8619.     6.125327E-7
         8619.999     6.122251E-7
            8621.     6.119164E-7
         8621.999     6.116082E-7
            8623.     6.112992E-7
            8624.     6.109902E-7
            8625.     6.106810E-7
            8626.     6.103717E-7
            8627.     6.100620E-7
         8627.999     6.097524E-7
            8629.     6.094421E-7
            8630.     6.091317E-7
            8631.     5.479391E-7
            8632.     4.868084E-7
            8633.     4.257397E-7
            8634.     3.647330E-7
         8635.001     3.037290E-7
            8636.     2.429061E-7
            8637.     1.820860E-7
            8638.     1.213283E-7
            8639.     6.063289E-8
            8640.              0.
            8651.     6.025527E-8
            8652.     1.204452E-7
            8653.     1.805698E-7
         8654.001     2.406877E-7
         8654.999     3.005643E-7
            8656.     3.605510E-7
            8657.     4.204135E-7
            8658.     4.802105E-7
            8659.     5.399417E-7
            8660.     5.996070E-7
            8661.     5.992787E-7
         8662.001     5.989499E-7
            8663.     5.986215E-7
            8664.     5.982924E-7
            8665.     5.979633E-7
         8665.999     5.976341E-7
            8667.     5.973042E-7
            8668.     5.969744E-7
            8669.     5.966443E-7
            8670.     5.963141E-7
            8671.     5.959837E-7
            8672.     5.956531E-7
            8673.     5.953223E-7
         8673.999     5.949916E-7
            8675.     5.946600E-7
            8676.     5.943285E-7
            8677.     5.939968E-7
            8678.     5.936649E-7
            8679.     5.933327E-7
            8680.     5.930004E-7
         8681.001     5.926676E-7
            8682.     5.923351E-7
            8683.     5.920022E-7
            8684.     5.916690E-7
            8685.     5.913355E-7
            8686.     5.910020E-7
         8687.001     5.906679E-7
            8688.     5.903341E-7
            8689.     5.899998E-7
            8690.     5.896654E-7
         8690.999     5.893310E-7
            8692.     5.889958E-7
         8692.999     5.886611E-7
            8694.     5.883255E-7
            8695.     5.879899E-7
            8696.     5.876541E-7
            8697.     5.873183E-7
            8698.     5.869820E-7
            8699.     5.866456E-7
            8700.     5.863090E-7
            8701.     5.273751E-7
            8702.     4.685082E-7
            8703.     4.097087E-7
            8704.     3.509764E-7
            8705.     2.923115E-7
         8706.001     2.336569E-7
            8707.     1.751841E-7
         8708.001     1.166647E-7
            8709.     5.832704E-8
            8710.              0.
            8861.     5.293170E-8
            8862.     1.057891E-7
            8863.     1.585721E-7
            8864.     2.112806E-7
            8865.     2.639147E-7
            8866.     3.164741E-7
         8867.001     3.690102E-7
            8868.     4.213691E-7
         8869.001     4.737554E-7
            8870.     5.259648E-7
            8871.     5.255913E-7
            8872.     5.252176E-7
         8872.999     5.248440E-7
            8874.     5.244694E-7
            8875.     5.240951E-7
            8876.     5.237204E-7
            8877.     5.233455E-7
            8878.     5.229704E-7
         8878.999     5.225955E-7
            8880.     5.222195E-7
            8881.     4.696595E-7
            8882.     4.171743E-7
            8883.     3.647642E-7
            8884.     3.124292E-7
            8885.     2.601693E-7
         8886.001     2.079338E-7
            8887.     1.558754E-7
            8888.     1.038415E-7
            8889.     5.188300E-8
            8890.              0.
            8891.     5.180745E-8
            8892.     1.035392E-7
            8893.     1.551954E-7
         8894.001     2.068260E-7
            8895.     2.582802E-7
            8896.     3.097088E-7
            8897.     3.610614E-7
         8897.999     4.122880E-7
            8899.     4.635385E-7
            8900.     5.146629E-7
            8901.     5.142828E-7
            8902.     5.139025E-7
            8903.     5.135219E-7
            8904.     5.131411E-7
         8905.001     5.127596E-7
         8905.999     5.123791E-7
            8907.     5.119973E-7
            8908.     5.116157E-7
            8909.     5.112337E-7
            8910.     5.108515E-7
            8911.     5.104692E-7
            8912.     5.100867E-7
         8913.001     5.097035E-7
            8914.     5.093208E-7
            8915.     5.089377E-7
            8916.     5.085543E-7
            8917.     5.081706E-7
            8918.     5.077866E-7
            8919.     5.074024E-7
            8920.     5.070181E-7
            8921.     4.559702E-7
            8922.     4.049991E-7
            8923.     3.541046E-7
            8924.     3.032871E-7
         8924.999     2.525961E-7
            8926.     2.018830E-7
            8927.     1.512964E-7
            8928.     1.007871E-7
            8929.     5.035491E-8
            8930.              0.
            8991.     4.788129E-8
            8992.     9.568085E-8
            8993.     1.433986E-7
            8994.     1.910346E-7
         8995.001     2.386350E-7
         8995.999     2.860145E-7
            8997.     3.334509E-7
            8998.     3.807589E-7
            8999.     4.279848E-7
            9000.     4.751284E-7
            9001.     4.747509E-7
            9002.     4.743731E-7
         9003.001     4.739948E-7
            9004.     4.736170E-7
            9005.     4.732387E-7
            9006.     4.728602E-7
            9007.     4.724814E-7
            9008.     4.721025E-7
         9009.001     4.717230E-7
            9010.     4.713441E-7
            9011.     4.709646E-7
            9012.     4.705849E-7
            9013.     4.702050E-7
            9014.     4.698249E-7
         9014.999     4.694449E-7
            9016.     4.690641E-7
            9017.     4.686834E-7
            9018.     4.683025E-7
            9019.     4.679214E-7
            9020.     4.675402E-7
            9021.     4.671587E-7
         9022.001     4.667767E-7
         9022.999     4.663956E-7
            9024.     4.660132E-7
            9025.     4.656309E-7
            9026.     4.652486E-7
            9027.     4.648659E-7
         9028.001     4.644827E-7
            9029.     4.641001E-7
         9030.001     4.637165E-7
            9031.     4.633335E-7
            9032.     4.629499E-7
            9033.     4.625661E-7
         9033.999     4.621826E-7
            9035.     4.617979E-7
            9036.     4.614136E-7
            9037.     4.610290E-7
            9038.     4.606443E-7
            9039.     4.602592E-7
         9039.999     4.598745E-7
            9041.     4.594887E-7
         9041.999     4.591035E-7
            9043.     4.587174E-7
            9044.     4.583314E-7
            9045.     4.579453E-7
            9046.     4.575590E-7
         9047.001     4.571721E-7
            9048.     4.567857E-7
            9049.     4.563987E-7
            9050.     4.560116E-7
            9051.     4.100619E-7
            9052.     3.641894E-7
            9053.     3.183944E-7
            9054.     2.726768E-7
         9055.001     2.269920E-7
            9056.     1.814740E-7
            9057.     1.359889E-7
            9058.     9.058155E-8
         9058.999     4.529610E-8
            9060.              0.
         9120.001    4.182817E-11
            9121.     4.280244E-8
            9122.     8.552462E-8
            9123.     1.281665E-7
            9124.     1.707279E-7
            9125.     2.132090E-7
            9126.     2.556096E-7
            9127.     2.979295E-7
            9128.     3.401690E-7
            9129.     3.823275E-7
         9129.999     4.243645E-7
            9131.     4.240024E-7
         9131.999     4.235996E-7
            9133.     4.231957E-7
            9134.     4.227921E-7
            9135.     4.223882E-7
            9136.     4.219841E-7
         9137.001     4.215795E-7
            9138.     4.211755E-7
            9139.     4.207707E-7
            9140.     4.203659E-7
            9141.     4.199609E-7
            9142.     4.195556E-7
            9143.     4.191502E-7
            9144.     4.187446E-7
         9145.001     4.183383E-7
            9146.     4.179327E-7
         9147.001     4.175260E-7
            9148.     4.171200E-7
         9148.999     4.167136E-7
            9150.     4.163064E-7
         9150.999     4.158998E-7
            9152.     4.154922E-7
            9153.     4.150846E-7
            9154.     4.146770E-7
            9155.     4.142692E-7
         9156.001     4.138607E-7
         9156.999     4.134532E-7
            9158.     4.130444E-7
            9159.     4.126358E-7
            9160.     4.122268E-7
            9161.     4.118179E-7
            9162.     4.114086E-7
            9163.     4.109991E-7
         9164.001     4.105891E-7
            9165.     4.101796E-7
            9166.     4.097696E-7
            9167.     4.093594E-7
            9168.     4.089489E-7
            9169.     4.085383E-7
            9170.     4.081275E-7
            9171.     4.077164E-7
            9172.     4.073052E-7
            9173.     4.068938E-7
            9174.     4.064822E-7
            9175.     4.060703E-7
         9175.999     4.056587E-7
            9177.     4.052461E-7
            9178.     4.048337E-7
            9179.     4.044210E-7
            9180.     4.040082E-7
            9181.     4.035952E-7
            9182.     4.031819E-7
         9183.001     4.027681E-7
         9183.999     4.023553E-7
            9185.     4.019411E-7
            9186.     4.015271E-7
            9187.     4.011128E-7
            9188.     4.006984E-7
            9189.     4.002837E-7
            9190.     3.998689E-7
         9191.001     3.594692E-7
            9192.     3.192310E-7
            9193.     2.790362E-7
            9194.     2.389245E-7
         9194.999     1.989349E-7
            9196.     1.589503E-7
            9197.     1.190878E-7
            9198.     7.930858E-8
            9199.     3.961263E-8
            9200.              0.
            9251.     3.741782E-8
            9252.     7.474899E-8
            9253.     1.119935E-7
         9254.001     1.491875E-7
         9254.999     1.861860E-7
            9256.     2.232063E-7
            9257.     2.601034E-7
            9258.     2.969136E-7
            9259.     3.336368E-7
            9260.     3.702729E-7
            9261.     3.698381E-7
         9262.001     3.694026E-7
            9263.     3.689677E-7
         9263.999     3.685327E-7
            9265.     3.680966E-7
         9265.999     3.676612E-7
            9267.     3.672249E-7
            9268.     3.667886E-7
            9269.     3.663523E-7
            9270.     3.659157E-7
            9271.     3.654790E-7
            9272.     3.650421E-7
            9273.     3.646050E-7
         9273.999     3.641682E-7
            9275.     3.637303E-7
            9276.     3.632926E-7
            9277.     3.628547E-7
            9278.     3.624167E-7
            9279.     3.619784E-7
            9280.     3.615400E-7
         9281.001     3.249556E-7
            9282.     2.885301E-7
            9283.     2.521566E-7
            9284.     2.158707E-7
            9285.     1.796726E-7
            9286.     1.435622E-7
            9287.     1.075397E-7
            9288.     7.160518E-8
            9289.     3.575858E-8
            9290.              0.
            9341.     3.344387E-8
            9342.     6.679770E-8
            9343.     1.000614E-7
         9344.001     1.332674E-7
         9344.999     1.662862E-7
            9346.     1.993116E-7
            9347.     2.322144E-7
            9348.     2.650268E-7
            9349.     2.977488E-7
            9350.     3.303803E-7
            9351.     3.299285E-7
         9352.001     3.294759E-7
            9353.     3.290241E-7
            9354.     3.285717E-7
            9355.     3.281191E-7
         9355.999     3.276667E-7
            9357.     3.272132E-7
            9358.     3.267600E-7
            9359.     3.263065E-7
            9360.     3.258530E-7
            9361.     3.253992E-7
            9362.     3.249452E-7
            9363.     3.244911E-7
         9363.999     3.240371E-7
            9365.     3.235822E-7
            9366.     3.231275E-7
            9367.     3.226725E-7
            9368.     3.222174E-7
            9369.     3.217621E-7
            9370.     3.213066E-7
         9371.001     3.208505E-7
            9372.     3.203951E-7
            9373.     3.199390E-7
            9374.     3.194828E-7
            9375.     3.190263E-7
            9376.     3.185697E-7
         9377.001     3.181124E-7
            9378.     3.176558E-7
            9379.     3.171986E-7
            9380.     3.167412E-7
         9380.999     3.162841E-7
            9382.     3.158258E-7
         9382.999     3.153683E-7
            9384.     3.149097E-7
            9385.     3.144513E-7
            9386.     3.139928E-7
            9387.     3.135340E-7
            9388.     3.130751E-7
            9389.     3.126160E-7
            9390.     3.121566E-7
            9391.     2.805274E-7
            9392.     2.489899E-7
            9393.     2.175443E-7
            9394.     1.861905E-7
            9395.     1.549286E-7
         9396.001     1.237283E-7
            9397.     9.268081E-8
         9398.001     6.166482E-8
            9399.     3.080141E-8
            9400.              0.
            9501.     2.600794E-8
            9502.     5.194048E-8
            9503.     7.779766E-8
            9504.     1.035795E-7
         9505.001     1.293111E-7
         9505.999     1.548923E-7
            9507.     1.804733E-7
            9508.     2.059541E-7
            9509.     2.313597E-7
            9510.     2.566901E-7
            9511.     2.306826E-7
            9512.     2.047504E-7
         9513.001     1.788683E-7
            9514.     1.531118E-7
            9515.     1.274054E-7
            9516.     1.017740E-7
         9516.999     7.624279E-8
            9518.     5.073683E-8
            9519.     2.533089E-8
            9520.              0.
            9531.     2.488129E-8
         9532.001     4.971196E-8
            9533.     7.441948E-8
            9534.     9.907642E-8
            9535.     1.236587E-7
            9536.     1.481662E-7
            9537.     1.725991E-7
         9538.001     1.969811E-7
            9539.     2.212410E-7
            9540.     2.454501E-7
            9541.     2.450770E-7
         9541.999     2.447043E-7
            9543.     2.443311E-7
         9543.999     2.439586E-7
            9545.     2.435855E-7
            9546.     2.432129E-7
            9547.     2.428404E-7
            9548.     2.424679E-7
            9549.     2.420956E-7
            9550.     2.417233E-7
            9551.     2.413512E-7
            9552.     2.409792E-7
            9553.     2.406072E-7
            9554.     2.402354E-7
            9555.     2.398637E-7
            9556.     2.394921E-7
         9557.001     2.391202E-7
            9558.     2.387491E-7
         9559.001     2.383774E-7
            9560.     2.380065E-7
            9561.     2.376353E-7
            9562.     2.372643E-7
         9562.999     2.368937E-7
            9564.     2.365225E-7
            9565.     2.361518E-7
            9566.     2.357812E-7
            9567.     2.354106E-7
            9568.     2.350401E-7
         9568.999     2.346701E-7
            9570.     2.342995E-7
            9571.     2.105364E-7
            9572.     1.868475E-7
            9573.     1.632326E-7
            9574.     1.396918E-7
            9575.     1.162250E-7
         9576.001     9.280932E-8
            9577.     6.951325E-8
            9578.     4.626828E-8
            9579.     2.309721E-8
            9580.              0.
            9601.     2.228726E-8
            9602.     4.450112E-8
         9603.001     6.666320E-8
            9604.     8.870876E-8
            9605.     1.107026E-7
            9606.     1.326232E-7
            9607.     1.544705E-7
            9608.     1.762447E-7
            9609.     1.979456E-7
            9610.     2.195734E-7
            9611.     1.972866E-7
            9612.     1.750731E-7
            9613.     1.529329E-7
            9614.     1.308659E-7
         9614.999     1.088935E-7
            9616.     8.695145E-8
            9617.     6.510395E-8
            9618.     4.332956E-8
            9619.     2.162825E-8
            9620.              0.
            9651.     2.046496E-8
            9652.     4.085754E-8
            9653.     6.117779E-8
            9654.     8.142575E-8
            9655.     1.016014E-7
            9656.     1.217049E-7
            9657.     1.417361E-7
            9658.     1.616952E-7
         9658.999     1.815627E-7
            9660.     2.013969E-7
            9661.     2.010361E-7
            9662.     2.006753E-7
            9663.     2.003146E-7
            9664.     1.999541E-7
            9665.     1.995937E-7
         9666.001     1.992330E-7
         9666.999     1.988734E-7
            9668.     1.985130E-7
            9669.     1.981529E-7
            9670.     1.977930E-7
            9671.     1.974332E-7
            9672.     1.970735E-7
            9673.     1.967139E-7
         9674.001     1.963540E-7
            9675.     1.959950E-7
            9676.     1.956357E-7
            9677.     1.952765E-7
         9677.999     1.949178E-7
            9679.     1.945584E-7
            9680.     1.941995E-7
            9681.     1.744567E-7
            9682.     1.547857E-7
            9683.     1.351865E-7
            9684.     1.156591E-7
            9685.     9.620342E-8
         9685.999     7.683833E-8
            9687.     5.750715E-8
            9688.     3.826650E-8
            9689.     1.909745E-8
            9690.              0.
            9741.     1.725111E-8
            9742.     3.443177E-8
            9743.     5.154203E-8
            9744.     6.858189E-8
         9745.001     8.556796E-8
            9746.     1.024507E-7
            9747.     1.192796E-7
            9748.     1.360383E-7
         9748.999     1.527105E-7
            9750.     1.693451E-7
            9751.     1.520866E-7
            9752.     1.349001E-7
            9753.     1.177858E-7
            9754.     1.007435E-7
            9755.     8.377318E-8
         9756.001     6.685834E-8
         9756.999     5.006473E-8
            9758.     3.329375E-8
            9759.     1.661098E-8
            9760.              0.
            9781.     1.582498E-8
            9782.     3.157882E-8
         9783.001     4.727686E-8
            9784.     6.287329E-8
            9785.     7.841403E-8
            9786.     9.388381E-8
            9787.     1.092827E-7
            9788.     1.246107E-7
         9789.001     1.398827E-7
            9790.     1.550542E-7
         9791.001     1.546995E-7
            9792.     1.543456E-7
         9792.999     1.539919E-7
            9794.     1.536376E-7
         9794.999     1.532842E-7
            9796.     1.529302E-7
            9797.     1.525767E-7
            9798.     1.522234E-7
            9799.     1.518702E-7
            9800.     1.515171E-7
            9801.     1.360478E-7
            9802.     1.206492E-7
            9803.     1.053212E-7
            9804.     9.006381E-8
            9805.     7.487700E-8
            9806.     5.976074E-8
            9807.     4.471494E-8
         9808.001     2.972498E-8
            9809.     1.483461E-8
         9810.001              0.
            9821.     1.441364E-8
            9822.     2.875730E-8
            9823.     4.303103E-8
            9824.     5.723487E-8
            9825.     7.136887E-8
            9826.     8.543308E-8
         9827.001     9.944117E-8
            9828.     1.133523E-7
            9829.     1.272073E-7
            9830.     1.409928E-7
            9831.     1.406442E-7
            9832.     1.402958E-7
            9833.     1.399475E-7
            9834.     1.395994E-7
         9835.001     1.392511E-7
            9836.     1.389036E-7
         9837.001     1.385555E-7
            9838.     1.382083E-7
         9838.999     1.378613E-7
            9840.     1.375137E-7
            9841.     1.371666E-7
            9842.     1.368196E-7
            9843.     1.364728E-7
            9844.     1.361262E-7
            9845.     1.357797E-7
            9846.     1.354333E-7
         9846.999     1.350874E-7
            9848.     1.347410E-7
            9849.     1.343951E-7
            9850.     1.340493E-7
            9851.     1.337037E-7
            9852.     1.333582E-7
            9853.     1.330128E-7
         9854.001     1.326673E-7
            9855.     1.323226E-7
            9856.     1.319777E-7
            9857.     1.316329E-7
            9858.     1.312884E-7
            9859.     1.309439E-7
         9860.001     1.305992E-7
            9861.     1.302554E-7
            9862.     1.299114E-7
            9863.     1.295675E-7
         9863.999     1.292241E-7
            9865.     1.288802E-7
         9865.999     1.285371E-7
            9867.     1.281935E-7
            9868.     1.278504E-7
            9869.     1.275074E-7
            9870.     1.271646E-7
            9871.     1.268219E-7
            9872.     1.264793E-7
            9873.     1.261370E-7
            9874.     1.257947E-7
            9875.     1.254526E-7
            9876.     1.251107E-7
            9877.     1.247689E-7
            9878.     1.244272E-7
         9879.001     1.240854E-7
            9880.     1.237444E-7
         9881.001     1.234029E-7
            9882.     1.230621E-7
            9883.     1.227212E-7
            9884.     1.223805E-7
         9884.999     1.220402E-7
            9886.     1.216994E-7
            9887.     1.213591E-7
            9888.     1.210190E-7
            9889.     1.206790E-7
            9890.     1.203391E-7
         9890.999     1.199997E-7
            9892.     1.196598E-7
            9893.     1.193204E-7
            9894.     1.189811E-7
            9895.     1.186420E-7
            9896.     1.183030E-7
            9897.     1.179642E-7
         9898.001     1.176252E-7
            9899.     1.172870E-7
            9900.     1.169487E-7
            9901.     1.049494E-7
            9902.     9.301793E-8
            9903.     8.115413E-8
            9904.     6.935803E-8
            9905.     5.762955E-8
         9906.001     4.595730E-8
            9907.     3.437530E-8
            9908.     2.284943E-8
            9909.     1.139101E-8
         9909.999    1.109117E-11
            9911.     1.132366E-8
            9912.     2.258000E-8
            9913.     3.376907E-8
            9914.     4.489093E-8
            9915.     5.594560E-8
            9916.     6.693315E-8
         9917.001     7.786424E-8
         9917.999     8.869645E-8
            9919.     9.949344E-8
            9920.     1.102129E-7
            9921.     1.098777E-7
            9922.     1.095426E-7
            9923.     1.092077E-7
            9924.     1.088730E-7
         9925.001     1.085380E-7
            9926.     1.082039E-7
            9927.     1.078696E-7
            9928.     1.075355E-7
            9929.     1.072015E-7
            9930.     1.068676E-7
            9931.     1.065339E-7
            9932.     1.062004E-7
            9933.     1.058670E-7
            9934.     1.055337E-7
            9935.     1.052006E-7
            9936.     1.048677E-7
         9936.999     1.045353E-7
            9938.     1.042023E-7
            9939.     1.038698E-7
            9940.     1.035375E-7
            9941.     1.032053E-7
            9942.     1.028733E-7
            9943.     1.025414E-7
         9944.001     1.022094E-7
            9945.     1.018781E-7
            9946.     1.015467E-7
            9947.     1.012154E-7
            9948.     1.008843E-7
            9949.     1.005533E-7
         9950.001     1.002222E-7
            9951.     9.989189E-8
         9952.001     9.956105E-8
            9953.     9.923103E-8
         9953.999     9.890115E-8
            9955.     9.857078E-8
         9955.999     9.824121E-8
            9957.     9.791117E-8
            9958.     9.758160E-8
            9959.     9.725216E-8
            9960.     9.692289E-8
            9961.     8.693439E-8
            9962.     7.701183E-8
            9963.     6.715516E-8
            9964.     5.736437E-8
            9965.     4.763939E-8
            9966.     3.798017E-8
            9967.     2.838667E-8
            9968.     1.885884E-8
         9969.001     9.387421E-9
            9970.              0.
           10021.     8.004365E-9
           10022.     1.595624E-8
           10023.     2.387905E-8
           10024.     3.176502E-8
           10025.     3.961423E-8
           10026.     4.742673E-8
           10027.     5.519495E-8
           10028.     6.294170E-8
           10029.     7.064426E-8
           10030.     7.831031E-8
           10031.     7.812719E-8
           10032.     7.794422E-8
           10033.     7.776141E-8
           10034.     7.757857E-8
           10035.     7.739641E-8
           10036.     7.721389E-8
           10037.     7.703168E-8
           10038.     7.684962E-8
           10039.     7.666772E-8
           10040.     7.648581E-8
           10041.     7.630443E-8
           10042.     7.612286E-8
           10043.     7.594180E-8
           10044.     7.576070E-8
           10045.     7.557978E-8
           10046.     7.539918E-8
           10047.     7.521836E-8
           10048.     7.503789E-8
           10049.     7.485755E-8
           10050.     7.467738E-8
           10051.     7.449741E-8
           10052.     7.431778E-8
           10053.     7.413794E-8
           10054.     7.395860E-8
           10055.     7.377907E-8
           10056.     7.359989E-8
           10057.     7.342082E-8
           10058.     7.324192E-8
           10059.     7.306301E-8
           10060.     7.288459E-8
           10061.     6.543557E-8
           10062.     5.802236E-8
           10063.     5.064490E-8
           10064.     4.330316E-8
           10065.     3.599707E-8
           10066.     2.872661E-8
           10067.     2.148467E-8
           10068.     1.429235E-8
           10069.     7.128456E-9
           10070.              0.
           10081.     6.917107E-9
           10082.     1.379919E-8
           10083.     2.064631E-8
           10084.     2.745851E-8
           10085.     3.423582E-8
           10086.     4.098488E-8
           10087.     4.768600E-8
           10088.     5.435896E-8
           10089.     6.099722E-8
           10090.     6.760084E-8
           10091.     6.742718E-8
           10092.     6.725384E-8
           10093.     6.708032E-8
           10094.     6.690713E-8
           10095.     6.673408E-8
           10096.     6.656119E-8
           10097.     6.638846E-8
           10098.     6.621604E-8
           10099.     6.604345E-8
           10100.     6.587118E-8
           10101.     6.569909E-8
           10102.     6.552717E-8
           10103.     6.535540E-8
           10104.     6.518378E-8
           10105.     6.501215E-8
           10106.     6.484118E-8
           10107.     6.466985E-8
           10108.     6.449885E-8
           10109.     6.432801E-8
           10110.     6.415731E-8
           10111.     5.758813E-8
           10112.     5.105317E-8
           10113.     4.454605E-8
           10114.     3.808573E-8
           10115.     3.165943E-8
           10116.     2.525464E-8
           10117.     1.889630E-8
           10118.     1.255952E-8
           10119.     6.262834E-9
           10120.              0.
           10130.    5.933783E-12
           10131.     6.060962E-9
           10132.     1.209435E-8
           10133.     1.808261E-8
           10134.     2.404339E-8
           10135.     2.997088E-8
           10136.     3.586511E-8
           10137.     4.172614E-8
           10138.     4.755401E-8
           10139.     5.334876E-8
           10140.     5.911046E-8
           10141.     5.894469E-8
           10142.     5.877924E-8
           10143.     5.861363E-8
           10144.     5.844849E-8
           10145.     5.828318E-8
           10146.     5.811820E-8
           10147.     5.795336E-8
           10148.     5.778869E-8
           10149.     5.762401E-8
           10150.     5.745980E-8
           10151.     5.156605E-8
           10152.     4.570526E-8
           10153.     3.987739E-8
           10154.     3.408239E-8
           10155.     2.832021E-8
           10156.     2.259081E-8
           10157.     1.688858E-8
           10158.     1.123013E-8
           10159.     5.593290E-9
           10160.              0.
           10171.     5.404488E-9
           10172.     1.077680E-8
           10173.     1.611698E-8
           10174.     2.142509E-8
           10175.     2.670116E-8
           10176.     3.195035E-8
           10177.     3.715739E-8
           10178.     4.233764E-8
           10179.     4.748605E-8
           10180.     5.260265E-8
           10181.     5.244321E-8
           10182.     5.228392E-8
           10183.     5.212479E-8
           10184.     5.196581E-8
           10185.     5.180699E-8
           10186.     5.164834E-8
           10187.     5.148983E-8
           10188.     5.133163E-8
           10189.     5.117327E-8
           10190.     5.101524E-8
           10191.     5.085738E-8
           10192.     5.069968E-8
           10193.     5.054213E-8
           10194.     5.038473E-8
           10195.     5.022734E-8
           10196.     5.007057E-8
           10197.     4.991349E-8
           10198.     4.975672E-8
           10199.     4.960011E-8
           10200.     4.944366E-8
           10201.     4.928738E-8
           10202.     4.913126E-8
           10203.     4.897514E-8
           10204.     4.881947E-8
           10205.     4.866381E-8
           10206.     4.850832E-8
           10207.     4.835312E-8
           10208.     4.819779E-8
           10209.     4.804276E-8
           10210.     4.788789E-8
           10211.     4.295988E-8
           10212.     3.806293E-8
           10213.     3.319698E-8
           10214.     2.836203E-8
           10215.     2.356266E-8
           10216.     1.878482E-8
           10217.     1.404249E-8
           10218.     9.330941E-9
           10219.     4.650126E-9
           10220.              0.
           10261.     4.019983E-9
           10262.     8.010639E-9
           10263.     1.197202E-8
           10264.     1.590417E-8
           10265.     1.980714E-8
           10266.     2.368473E-8
           10267.     2.752197E-8
           10268.     3.134141E-8
           10269.     3.512812E-8
           10270.     3.888588E-8
           10271.     3.874068E-8
           10272.     3.859564E-8
           10273.     3.845076E-8
           10274.     3.830590E-8
           10275.     3.816147E-8
           10276.     3.801720E-8
           10277.     3.787281E-8
           10278.     3.772885E-8
           10279.     3.758478E-8
           10280.     3.744100E-8
           10281.     3.729739E-8
           10282.     3.715393E-8
           10283.     3.701064E-8
           10284.     3.686750E-8
           10285.     3.672452E-8
           10286.     3.658184E-8
           10287.     3.643903E-8
           10288.     3.629653E-8
           10289.     3.615417E-8
           10290.     3.601198E-8
           10291.     3.228296E-8
           10292.     2.858247E-8
           10293.     2.490689E-8
           10294.     2.126689E-8
           10295.     1.765171E-8
           10296.     1.406487E-8
           10297.     1.050633E-8
           10298.     6.976037E-9
           10299.     3.473942E-9
           10300.              0.
           10311.     3.306266E-9
           10312.     6.584789E-9
           10313.     9.835625E-9
           10314.     1.305881E-8
           10315.     1.625440E-8
           10316.     1.942245E-8
           10317.     2.256298E-8
           10318.     2.567909E-8
           10319.     2.876174E-8
           10320.     3.181992E-8
           10321.     3.168279E-8
           10322.     3.154581E-8
           10323.     3.140873E-8
           10324.     3.127207E-8
           10325.     3.113530E-8
           10326.     3.099882E-8
           10327.     3.086250E-8
           10328.     3.072634E-8
           10329.     3.059033E-8
           10330.     3.045463E-8
           10331.     3.031881E-8
           10332.     3.018328E-8
           10333.     3.004791E-8
           10334.     2.991271E-8
           10335.     2.977766E-8
           10336.     2.964277E-8
           10337.     2.950790E-8
           10338.     2.937346E-8
           10339.     2.923904E-8
           10340.     2.910478E-8
           10341.     2.897069E-8
           10342.     2.883675E-8
           10343.     2.870297E-8
           10344.     2.856935E-8
           10345.     2.843589E-8
           10346.     2.830259E-8
           10347.     2.816944E-8
           10348.     2.803645E-8
           10349.     2.790376E-8
           10350.     2.777096E-8
           10351.     2.763845E-8
           10352.     2.750610E-8
           10353.     2.737391E-8
           10354.     2.724187E-8
           10355.     2.711000E-8
           10356.     2.697815E-8
           10357.     2.684685E-8
           10358.     2.671533E-8
           10359.     2.658408E-8
           10360.     2.645301E-8
           10361.     2.632208E-8
           10362.     2.619132E-8
           10363.     2.606072E-8
           10364.     2.593015E-8
           10365.     2.579999E-8
           10366.     2.566986E-8
           10367.     2.553989E-8
           10368.     2.541020E-8
           10369.     2.528043E-8
           10370.     2.515093E-8
           10371.     2.502160E-8
           10372.     2.489243E-8
           10373.     2.476341E-8
           10374.     2.463456E-8
           10375.     2.450586E-8
           10376.     2.437744E-8
           10377.     2.424894E-8
           10378.     2.412072E-8
           10379.     2.399265E-8
           10380.     2.386475E-8
           10381.     2.373700E-8
           10382.     2.360941E-8
           10383.     2.348187E-8
           10384.     2.335472E-8
           10385.     2.322761E-8
           10386.     2.310066E-8
           10387.     2.297387E-8
           10388.     2.284724E-8
           10389.     2.272064E-8
           10390.     2.259444E-8
           10391.     2.246829E-8
           10392.     2.234229E-8
           10393.     2.221658E-8
           10394.     2.209078E-8
           10395.     2.196538E-8
           10396.     2.183990E-8
           10397.     2.171470E-8
           10398.     2.158966E-8
           10399.     2.146477E-8
           10400.     2.134005E-8
           10401.     2.121548E-8
           10402.     2.109107E-8
           10403.     2.096683E-8
           10404.     2.084273E-8
           10405.     2.071880E-8
           10406.     2.059504E-8
           10407.     2.047142E-8
           10408.     2.034784E-8
           10409.     2.022466E-8
           10410.     2.009945E-8
           10411.     1.798070E-8
           10412.     1.588459E-8
           10413.     1.381315E-8
           10414.     1.176833E-8
           10415.     9.744118E-9
           10416.     7.746422E-9
           10417.     5.773209E-9
           10418.     3.824433E-9
           10419.     1.900046E-9
           10420.    1.843656E-12
           10421.              0.
           10431.     1.755241E-9
           10432.     3.486554E-9
           10433.     5.193988E-9
           10434.     6.877587E-9
           10435.     8.539014E-9
           10436.     1.017349E-8
           10437.     1.178588E-8
           10438.     1.337463E-8
           10439.     1.493826E-8
           10440.     1.648139E-8
           10441.     1.636318E-8
           10442.     1.624514E-8
           10443.     1.612725E-8
           10444.     1.600953E-8
           10445.     1.589195E-8
           10446.     1.577443E-8
           10447.     1.565741E-8
           10448.     1.554020E-8
           10449.     1.542327E-8
           10450.     1.530649E-8
           10451.     1.518988E-8
           10452.     1.507342E-8
           10453.     1.495713E-8
           10454.     1.484088E-8
           10455.     1.472501E-8
           10456.     1.460919E-8
           10457.     1.449353E-8
           10458.     1.437803E-8
           10459.     1.426269E-8
           10460.     1.414751E-8
           10461.     1.403248E-8
           10462.     1.391762E-8
           10463.     1.380292E-8
           10464.     1.368848E-8
           10465.     1.357398E-8
           10466.     1.345986E-8
           10467.     1.334569E-8
           10468.     1.323178E-8
           10469.     1.311802E-8
           10470.     1.300443E-8
           10471.     1.289100E-8
           10472.     1.277773E-8
           10473.     1.266462E-8
           10474.     1.255166E-8
           10475.     1.243887E-8
           10476.     1.232623E-8
           10477.     1.221375E-8
           10478.     1.210144E-8
           10479.     1.198917E-8
           10480.     1.187728E-8
           10481.     1.058765E-8
           10482.     9.323007E-9
           10483.     8.080769E-9
           10484.     6.858526E-9
           10485.     5.660997E-9
           10486.     4.483453E-9
           10487.     3.329324E-9
           10488.     2.197404E-9
           10489.     1.087646E-9
           10490.              0.
           10491.     1.064550E-9
           10492.     2.109142E-9
           10493.     3.130735E-9
           10494.     4.130405E-9
           10495.     5.108202E-9
           10496.     6.064173E-9
           10497.     6.998362E-9
           10498.     7.911702E-9
           10499.     8.801599E-9
           10500.     9.670740E-9
           10501.     9.648034E-9
           10502.     9.625355E-9
           10503.     9.602696E-9
           10504.     9.580061E-9
           10505.     9.557451E-9
           10506.     9.534863E-9
           10507.     9.512299E-9
           10508.     9.489759E-9
           10509.     9.467242E-9
           10510.     9.444772E-9
           10511.     9.422282E-9
           10512.     9.399837E-9
           10513.     9.377416E-9
           10514.     9.355021E-9
           10515.     9.332648E-9
           10516.     9.310298E-9
           10517.     9.287949E-9
           10518.     9.265690E-9
           10519.     9.243389E-9
           10520.     9.221135E-9
           10521.     9.198904E-9
           10522.     9.176696E-9
           10523.     9.154511E-9
           10524.     9.132352E-9
           10525.     9.110192E-9
           10526.     9.088102E-9
           10527.     9.066011E-9
           10528.     9.043947E-9
           10529.     9.021925E-9
           10530.     8.999885E-9
           10531.     8.977891E-9
           10532.     8.955921E-9
           10533.     8.933974E-9
           10534.     8.912051E-9
           10535.     8.890150E-9
           10536.     8.868275E-9
           10537.     8.846444E-9
           10538.     8.824596E-9
           10539.     8.802788E-9
           10540.     8.781009E-9
           10541.     8.759250E-9
           10542.     8.737518E-9
           10543.     8.715807E-9
           10544.     8.694100E-9
           10545.     8.672457E-9
           10546.     8.650820E-9
           10547.     8.629205E-9
           10548.     8.607612E-9
           10549.     8.586044E-9
           10550.     8.563643E-9
           10551.     7.688683E-9
           10552.     6.817187E-9
           10553.     5.950008E-9
           10554.     5.087978E-9
           10555.     4.228569E-9
           10556.     3.375128E-9
           10557.     2.524308E-9
           10558.     1.678601E-9
           10559.    8.371673E-10
           10560.              0.
           10581.    7.900694E-10
           10582.     1.577523E-9
           10583.     2.360056E-9
           10584.     3.138446E-9
           10585.     3.912701E-9
           10586.     4.682827E-9
           10587.     5.448832E-9
           10588.     6.211463E-9
           10589.     6.968506E-9
           10590.     7.722190E-9
           10591.     7.701619E-9
           10592.     7.681071E-9
           10593.     7.660547E-9
           10594.     7.640047E-9
           10595.     7.619571E-9
           10596.     7.599097E-9
           10597.     7.578689E-9
           10598.     7.558284E-9
           10599.     7.537902E-9
           10600.     7.517564E-9
           10601.     7.497210E-9
           10602.     7.476900E-9
           10603.     7.456614E-9
           10604.     7.436351E-9
           10605.     7.416112E-9
           10606.     7.395897E-9
           10607.     7.375686E-9
           10608.     7.355555E-9
           10609.     7.335392E-9
           10610.     7.315272E-9
           10611.     7.295176E-9
           10612.     7.275103E-9
           10613.     7.255053E-9
           10614.     7.235028E-9
           10615.     7.215007E-9
           10616.     7.195049E-9
           10617.     7.175094E-9
           10618.     7.155163E-9
           10619.     7.135256E-9
           10620.     7.115373E-9
           10621.     7.095514E-9
           10622.     7.075679E-9
           10623.     7.055868E-9
           10624.     7.036080E-9
           10625.     7.016317E-9
           10626.     6.996577E-9
           10627.     6.976880E-9
           10628.     6.957168E-9
           10629.     6.937499E-9
           10630.     6.917854E-9
           10631.     6.898233E-9
           10632.     6.878634E-9
           10633.     6.859058E-9
           10634.     6.839489E-9
           10635.     6.819981E-9
           10636.     6.800478E-9
           10637.     6.780999E-9
           10638.     6.761543E-9
           10639.     6.742111E-9
           10640.     6.722684E-9
           10641.     6.703318E-9
           10642.     6.683941E-9
           10643.     6.664623E-9
           10644.     6.645329E-9
           10645.     6.626021E-9
           10646.     6.606776E-9
           10647.     6.587515E-9
           10648.     6.568297E-9
           10649.     6.549104E-9
           10650.     6.529934E-9
           10651.     6.510787E-9
           10652.     6.491664E-9
           10653.     6.472566E-9
           10654.     6.453490E-9
           10655.     6.434439E-9
           10656.     6.415411E-9
           10657.     6.396406E-9
           10658.     6.377427E-9
           10659.     6.358452E-9
           10660.     6.339537E-9
           10661.     6.320611E-9
           10662.     6.301743E-9
           10663.     6.282882E-9
           10664.     6.264044E-9
           10665.     6.245231E-9
           10666.     6.226441E-9
           10667.     6.207675E-9
           10668.     6.188932E-9
           10669.     6.170213E-9
           10670.     6.151519E-9
           10671.     6.132865E-9
           10672.     6.114199E-9
           10673.     6.095576E-9
           10674.     6.076977E-9
           10675.     6.058400E-9
           10676.     6.039848E-9
           10677.     6.021320E-9
           10678.     6.002796E-9
           10679.     5.984352E-9
           10680.     5.965877E-9
           10681.     5.947443E-9
           10682.     5.929034E-9
           10683.     5.910648E-9
           10684.     5.892286E-9
           10685.     5.873947E-9
           10686.     5.855615E-9
           10687.     5.837342E-9
           10688.     5.819076E-9
           10689.     5.800832E-9
           10690.     5.782630E-9
           10691.     5.764417E-9
           10692.     5.746245E-9
           10693.     5.728097E-9
           10694.     5.709973E-9
           10695.     5.691872E-9
           10696.     5.673796E-9
           10697.     5.655743E-9
           10698.     5.637731E-9
           10699.     5.619709E-9
           10700.     5.601727E-9
           10701.     5.583770E-9
           10702.     5.565835E-9
           10703.     5.547925E-9
           10704.     5.530039E-9
           10705.     5.512159E-9
           10706.     5.494337E-9
           10707.     5.476523E-9
           10708.     5.458731E-9
           10709.     5.440964E-9
           10710.     5.423220E-9
           10711.     5.405484E-9
           10712.     5.387805E-9
           10713.     5.370134E-9
           10714.     5.352485E-9
           10715.     5.334878E-9
           10716.     5.317260E-9
           10717.     5.299700E-9
           10718.     5.282130E-9
           10719.     5.264600E-9
           10720.     5.247096E-9
           10721.     4.706652E-9
           10722.     4.169725E-9
           10723.     3.636305E-9
           10724.     3.106386E-9
           10725.     2.579962E-9
           10726.     2.057025E-9
           10727.     1.537567E-9
           10728.     1.021581E-9
           10729.    5.090616E-10
           10730.              0.
           10741.    4.884978E-10
           10742.    9.731268E-10
           10743.     1.455311E-9
           10744.     1.933641E-9
           10745.     2.408596E-9
           10746.     2.880183E-9
           10747.     3.348409E-9
           10748.     3.813282E-9
           10749.     4.275257E-9
           10750.     4.732995E-9
           10751.     4.716227E-9
           10752.     4.699484E-9
           10753.     4.682764E-9
           10754.     4.666068E-9
           10755.     4.649395E-9
           10756.     4.632746E-9
           10757.     4.616105E-9
           10758.     4.599521E-9
           10759.     4.582942E-9
           10760.     4.566390E-9
           10761.     4.549876E-9
           10762.     4.533355E-9
           10763.     4.516873E-9
           10764.     4.500414E-9
           10765.     4.483981E-9
           10766.     4.467571E-9
           10767.     4.451184E-9
           10768.     4.434805E-9
           10769.     4.418499E-9
           10770.     4.402167E-9
           10771.     4.385876E-9
           10772.     4.369609E-9
           10773.     4.353366E-9
           10774.     4.337145E-9
           10775.     4.320949E-9
           10776.     4.304761E-9
           10777.     4.288629E-9
           10778.     4.272505E-9
           10779.     4.256404E-9
           10780.     4.240327E-9
           10781.     4.224274E-9
           10782.     4.208245E-9
           10783.     4.192240E-9
           10784.     4.176259E-9
           10785.     4.160301E-9
           10786.     4.144368E-9
           10787.     4.128458E-9
           10788.     4.112587E-9
           10789.     4.096709E-9
           10790.     4.080871E-9
           10791.     4.065056E-9
           10792.     4.049266E-9
           10793.     4.033498E-9
           10794.     4.017755E-9
           10795.     4.002021E-9
           10796.     3.986341E-9
           10797.     3.970669E-9
           10798.     3.955021E-9
           10799.     3.939397E-9
           10800.     3.923797E-9
           10801.     3.517003E-9
           10802.     3.114135E-9
           10803.     2.713608E-9
           10804.     2.316981E-9
           10805.     1.923460E-9
           10806.     1.532279E-9
           10807.     1.144956E-9
           10808.    7.599709E-10
           10809.    3.784469E-10
           10810.              0.
           10820.    3.531155E-13
           10821.    3.601703E-10
           10822.    7.176726E-10
           10823.     1.071473E-9
           10824.     1.422619E-9
           10825.     1.770772E-9
           10826.     2.115938E-9
           10827.     2.458125E-9
           10828.     2.797340E-9
           10829.     3.133590E-9
           10830.     3.466882E-9
           10831.     3.452021E-9
           10832.     3.437198E-9
           10833.     3.422370E-9
           10834.     3.407581E-9
           10835.     3.392816E-9
           10836.     3.378074E-9
           10837.     3.363356E-9
           10838.     3.348662E-9
           10839.     3.333978E-9
           10840.     3.319345E-9
           10841.     3.304723E-9
           10842.     3.290125E-9
           10843.     3.275551E-9
           10844.     3.261000E-9
           10845.     3.246473E-9
           10846.     3.231970E-9
           10847.     3.217477E-9
           10848.     3.203036E-9
           10849.     3.188591E-9
           10850.     3.174197E-9
           10851.     3.475501E-9
           10852.     3.774544E-9
           10853.     4.070453E-9
           10854.     4.363527E-9
           10855.     4.653776E-9
           10856.     4.941205E-9
           10857.     5.225821E-9
           10858.     5.507906E-9
           10859.     5.786374E-9
           10860.     6.062868E-9
           10861.     5.732849E-9
           10862.     5.405703E-9
           10863.     5.081420E-9
           10864.     4.759996E-9
           10865.     4.441421E-9
           10866.     4.125384E-9
           10867.     3.812796E-9
           10868.     3.502731E-9
           10869.     3.195487E-9
           10870.     2.891058E-9
           10871.     2.877152E-9
           10872.     2.863256E-9
           10873.     2.849411E-9
           10874.     2.835576E-9
           10875.     2.821766E-9
           10876.     2.807993E-9
           10877.     2.794216E-9
           10878.     2.780490E-9
           10879.     2.766762E-9
           10880.     2.753070E-9
           10881.     2.739403E-9
           10882.     2.725760E-9
           10883.     2.712140E-9
           10884.     2.698544E-9
           10885.     2.684972E-9
           10886.     2.671424E-9
           10887.     2.657900E-9
           10888.     2.644400E-9
           10889.     2.630923E-9
           10890.     2.617470E-9
           10891.     2.604028E-9
           10892.     2.590637E-9
           10893.     2.577243E-9
           10894.     2.563900E-9
           10895.     2.550566E-9
           10896.     2.537257E-9
           10897.     2.523984E-9
           10898.     2.510710E-9
           10899.     2.497473E-9
           10900.     2.484258E-9
           10901.     2.471069E-9
           10902.     2.457903E-9
           10903.     2.444774E-9
           10904.     2.431643E-9
           10905.     2.418549E-9
           10906.     2.405479E-9
           10907.     2.392432E-9
           10908.     2.379410E-9
           10909.     2.366411E-9
           10910.     2.353423E-9
           10911.     2.340485E-9
           10912.     2.327558E-9
           10913.     2.314655E-9
           10914.     2.301776E-9
           10915.     2.288920E-9
           10916.     2.276089E-9
           10917.     2.263281E-9
           10918.     2.250485E-9
           10919.     2.237737E-9
           10920.     2.225001E-9
           10921.     2.212289E-9
           10922.     2.199614E-9
           10923.     2.186938E-9
           10924.     2.174298E-9
           10925.     2.161682E-9
           10926.     2.149090E-9
           10927.     2.136521E-9
           10928.     2.123977E-9
           10929.     2.111444E-9
           10930.     2.098971E-9
           10931.     2.086486E-9
           10932.     2.074038E-9
           10933.     2.061612E-9
           10934.     2.049211E-9
           10935.     2.036834E-9
           10936.     2.024481E-9
           10937.     2.012139E-9
           10938.     1.999845E-9
           10939.     1.987563E-9
           10940.     1.975305E-9
           10941.     1.963072E-9
           10942.     1.950862E-9
           10943.     1.938676E-9
           10944.     1.926515E-9
           10945.     1.914376E-9
           10946.     1.902262E-9
           10947.     1.890172E-9
           10948.     1.878105E-9
           10949.     1.866074E-9
           10950.     1.854044E-9
           10951.     1.842050E-9
           10952.     1.830079E-9
           10953.     1.818133E-9
           10954.     1.806209E-9
           10955.     1.794311E-9
           10956.     1.782424E-9
           10957.     1.770596E-9
           10958.     1.758757E-9
           10959.     1.746953E-9
           10960.     1.735174E-9
           10961.     1.723419E-9
           10962.     1.711676E-9
           10963.     1.699980E-9
           10964.     1.688285E-9
           10965.     1.676636E-9
           10966.     1.665012E-9
           10967.     1.653389E-9
           10968.     1.641811E-9
           10969.     1.630236E-9
           10970.     1.618696E-9
           10971.     1.607180E-9
           10972.     1.595688E-9
           10973.     1.584219E-9
           10974.     1.572775E-9
           10975.     1.561354E-9
           10976.     1.549969E-9
           10977.     1.538585E-9
           10978.     1.527236E-9
           10979.     1.515911E-9
           10980.     1.504610E-9
           10981.     1.493322E-9
           10982.     1.482080E-9
           10983.     1.470840E-9
           10984.     1.459647E-9
           10985.     1.448465E-9
           10986.     1.437308E-9
           10987.     1.426175E-9
           10988.     1.415065E-9
           10989.     1.403980E-9
           10990.     1.392918E-9
           10991.     1.381880E-9
           10992.     1.370866E-9
           10993.     1.359887E-9
           10994.     1.348911E-9
           10995.     1.337979E-9
           10996.     1.327051E-9
           10997.     1.316157E-9
           10998.     1.305287E-9
           10999.     1.294441E-9
           11000.              0.
