#  Table crwfpc2comp$wfpc2_f390n_004.tab  Thu 08:19:09 15-May-97

# WAVELENGTH   THROUGHPUT        error
#  ANGSTROMS TRANSMISSION TRANSMISSION

      1850.0    1.5133E-5           0.
      1860.0    7.5240E-6           0.
      1870.0    2.5001E-6           0.
      1880.0    1.3864E-6           0.
      1890.0    2.7589E-6           0.
      1900.0    3.8488E-6           0.
      1910.0    1.9586E-6           0.
      1920.0    1.9209E-6           0.
      1930.0    2.9959E-6           0.
      1940.0    3.2042E-6           0.
      1950.0    3.2062E-6           0.
      1960.0    2.7480E-6           0.
      1970.0    1.5917E-6           0.
      1980.0    1.7265E-6           0.
      1990.0    2.7291E-6           0.
      2000.0    2.5496E-6           0.
      2010.0    2.1916E-6           0.
      2020.0    2.2789E-6           0.
      2030.0    2.3116E-6           0.
      2040.0    2.0806E-6           0.
      2050.0    2.0826E-6           0.
      2060.0    1.9983E-6           0.
      2070.0    1.9150E-6           0.
      2080.0    2.0756E-6           0.
      2090.0    2.0885E-6           0.
      2100.0    1.9983E-6           0.
      2110.0    1.9953E-6           0.
      2120.0    2.0280E-6           0.
      2130.0    1.9259E-6           0.
      2140.0    1.6363E-6           0.
      2150.0    1.5054E-6           0.
      2160.0    1.5827E-6           0.
      2170.0    1.6522E-6           0.
      2180.0    1.7087E-6           0.
      2190.0    1.7196E-6           0.
      2200.0    1.6105E-6           0.
      2210.0    1.5966E-6           0.
      2220.0    1.5818E-6           0.
      2230.0    1.4945E-6           0.
      2240.0    1.4687E-6           0.
      2250.0    1.5163E-6           0.
      2260.0    1.5143E-6           0.
      2270.0    1.4270E-6           0.
      2280.0    1.3249E-6           0.
      2290.0    1.3269E-6           0.
      2300.0    1.3804E-6           0.
      2310.0    1.4280E-6           0.
      2320.0    1.4459E-6           0.
      2330.0    1.4092E-6           0.
      2340.0    1.3259E-6           0.
      2350.0    1.3408E-6           0.
      2360.0    1.4756E-6           0.
      2370.0    1.5619E-6           0.
      2380.0    1.5629E-6           0.
      2390.0    1.5014E-6           0.
      2400.0    1.4558E-6           0.
      2410.0    1.4637E-6           0.
      2420.0    1.4528E-6           0.
      2430.0    1.4151E-6           0.
      2440.0    1.3993E-6           0.
      2450.0    1.3804E-6           0.
      2460.0    1.3428E-6           0.
      2470.0    1.3923E-6           0.
      2480.0    1.4132E-6           0.
      2490.0    1.3457E-6           0.
      2500.0    1.3576E-6           0.
      2510.0    1.4062E-6           0.
      2520.0    1.3794E-6           0.
      2530.0    1.2981E-6           0.
      2540.0    1.2585E-6           0.
      2550.0    1.3001E-6           0.
      2560.0    1.3666E-6           0.
      2570.0    1.4191E-6           0.
      2580.0    1.4122E-6           0.
      2590.0    1.3884E-6           0.
      2600.0    1.3527E-6           0.
      2610.0    1.3090E-6           0.
      2620.0    1.2614E-6           0.
      2630.0    1.3051E-6           0.
      2640.0    1.4032E-6           0.
      2650.0    1.3963E-6           0.
      2660.0    1.3864E-6           0.
      2670.0    1.4171E-6           0.
      2680.0    1.3993E-6           0.
      2690.0    1.3626E-6           0.
      2700.0    1.3487E-6           0.
      2710.0    1.3219E-6           0.
      2720.0    1.3477E-6           0.
      2730.0    1.3963E-6           0.
      2740.0    1.3725E-6           0.
      2750.0    1.3160E-6           0.
      2760.0    1.2952E-6           0.
      2770.0    1.3269E-6           0.
      2780.0    1.3318E-6           0.
      2790.0    1.2892E-6           0.
      2800.0    1.2654E-6           0.
      2810.0    1.3160E-6           0.
      2820.0    1.3299E-6           0.
      2830.0    1.3309E-6           0.
      2840.0    1.3636E-6           0.
      2850.0    1.3437E-6           0.
      2860.0    1.3348E-6           0.
      2870.0    1.3735E-6           0.
      2880.0    1.3457E-6           0.
      2890.0    1.3219E-6           0.
      2900.0    1.3110E-6           0.
      2910.0    1.2892E-6           0.
      2920.0    1.2327E-6           0.
      2930.0    1.2099E-6           0.
      2940.0    1.2833E-6           0.
      2950.0    1.3606E-6           0.
      2960.0    1.3685E-6           0.
      2970.0    1.3229E-6           0.
      2980.0    1.3001E-6           0.
      2990.0    1.3190E-6           0.
      3000.0    1.3705E-6           0.
      3010.0    1.3765E-6           0.
      3020.0    1.3348E-6           0.
      3030.0    1.2952E-6           0.
      3040.0    1.2961E-6           0.
      3050.0    1.2783E-6           0.
      3060.0    1.2634E-6           0.
      3070.0    1.3318E-6           0.
      3080.0    1.3745E-6           0.
      3090.0    1.3745E-6           0.
      3100.0    1.4181E-6           0.
      3110.0    1.4677E-6           0.
      3120.0    1.4965E-6           0.
      3130.0    1.4697E-6           0.
      3140.0    1.4052E-6           0.
      3150.0    1.3834E-6           0.
      3160.0    1.4310E-6           0.
      3170.0    1.4211E-6           0.
      3180.0    1.3566E-6           0.
      3190.0    1.3239E-6           0.
      3200.0    1.2833E-6           0.
      3210.0    1.2763E-6           0.
      3220.0    1.3447E-6           0.
      3230.0    1.3874E-6           0.
      3240.0    1.3190E-6           0.
      3250.0    1.2723E-6           0.
      3260.0    1.3219E-6           0.
      3270.0    1.3775E-6           0.
      3280.0    1.4380E-6           0.
      3290.0    1.4003E-6           0.
      3300.0    1.3556E-6           0.
      3310.0    1.3705E-6           0.
      3320.0    1.3626E-6           0.
      3330.0    1.3646E-6           0.
      3340.0    1.3864E-6           0.
      3350.0    1.4528E-6           0.
      3360.0    1.5272E-6           0.
      3370.0    1.6085E-6           0.
      3380.0    1.7097E-6           0.
      3390.0    1.6581E-6           0.
      3400.0    1.5867E-6           0.
      3410.0    1.4915E-6           0.
      3420.0    1.3566E-6           0.
      3430.0    1.2942E-6           0.
      3440.0    1.2674E-6           0.
      3450.0    1.2654E-6           0.
      3460.0    1.2823E-6           0.
      3470.0    1.3963E-6           0.
      3480.0    1.4816E-6           0.
      3490.0    1.4092E-6           0.
      3500.0    1.3715E-6           0.
      3510.0    1.4171E-6           0.
      3520.0    1.4469E-6           0.
      3530.0    1.4370E-6           0.
      3540.0    1.4866E-6           0.
      3550.0    1.5322E-6           0.
      3560.0    1.5728E-6           0.
      3570.0    1.5966E-6           0.
      3580.0    1.5361E-6           0.
      3590.0    1.4459E-6           0.
      3600.0    1.5133E-6           0.
      3610.0    1.6343E-6           0.
      3620.0    1.6532E-6           0.
      3630.0    1.7047E-6           0.
      3640.0    1.7732E-6           0.
      3650.0    1.7285E-6           0.
      3660.0    1.7345E-6           0.
      3670.0    1.8128E-6           0.
      3680.0    1.9279E-6           0.
      3690.0    2.0865E-6           0.
      3700.0    2.2174E-6           0.
      3710.0    2.3315E-6           0.
      3720.0    2.5229E-6           0.
      3730.0    3.0187E-6           0.
      3818.0    3.1050E-5           0.
      3822.0    4.4418E-5           0.
      3824.0    2.5308E-4           0.
      3826.0    3.3390E-4           0.
      3828.0    4.9823E-4           0.
      3830.0    6.8893E-4           0.
      3832.0     0.001078           0.
      3834.0    0.0015639           0.
      3836.0    0.0023969           0.
      3838.0    0.0036673           0.
      3840.0    0.0056021           0.
      3842.0    0.0086654           0.
      3844.0     0.013418           0.
      3846.0     0.020707           0.
      3848.0     0.032032           0.
      3850.0     0.048791           0.
      3852.0     0.072969           0.
      3854.0       0.1074           0.
      3856.0      0.15113           0.
      3858.0      0.19864           0.
      3860.0      0.24455           0.
      3862.0      0.27549           0.
      3864.0      0.29622           0.
      3866.0      0.30713           0.
      3868.0      0.31595           0.
      3870.0      0.32339           0.
      3872.0      0.33202           0.
      3874.0      0.34055           0.
      3876.0      0.34838           0.
      3878.0      0.35513           0.
      3880.0      0.35979           0.
      3882.0      0.36306           0.
      3884.0      0.36514           0.
      3886.0      0.36554           0.
      3888.0      0.36514           0.
      3890.0      0.36504           0.
      3892.0      0.36326           0.
      3894.0      0.36157           0.
      3896.0       0.3587           0.
      3898.0      0.35523           0.
      3900.0      0.35146           0.
      3902.0      0.34759           0.
      3904.0      0.34422           0.
      3906.0      0.34104           0.
      3908.0      0.33747           0.
      3910.0      0.33202           0.
      3912.0      0.32042           0.
      3914.0      0.29543           0.
      3916.0      0.25546           0.
      3918.0      0.19973           0.
      3920.0      0.14181           0.
      3922.0     0.092763           0.
      3924.0      0.05855           0.
      3926.0      0.03697           0.
      3928.0     0.023434           0.
      3930.0     0.015332           0.
      3932.0     0.010066           0.
      3934.0    0.0068129           0.
      3936.0    0.0047552           0.
      3938.0     0.003339           0.
      3940.0    0.0023354           0.
      3942.0    0.0017424           0.
      3944.0    0.0012267           0.
      3948.0    0.0010036           0.
      3950.0    9.1018E-4           0.
      4030.0    2.5219E-6           0.
      4040.0    2.1113E-6           0.
      4050.0    1.8406E-6           0.
      4060.0    1.6760E-6           0.
      4070.0    1.6601E-6           0.
      4080.0    1.6809E-6           0.
      4090.0    1.6006E-6           0.
      4100.0    1.5609E-6           0.
      4110.0    1.5322E-6           0.
      4120.0    1.4618E-6           0.
      4130.0    1.4251E-6           0.
      4140.0    1.4469E-6           0.
      4150.0    1.4657E-6           0.
      4160.0    1.4568E-6           0.
      4170.0    1.4647E-6           0.
      4180.0    1.4449E-6           0.
      4190.0    1.4330E-6           0.
      4200.0    1.4132E-6           0.
      4210.0    1.3537E-6           0.
      4220.0    1.3368E-6           0.
      4230.0    1.3765E-6           0.
      4240.0    1.4132E-6           0.
      4250.0    1.4280E-6           0.
      4260.0    1.4221E-6           0.
      4270.0    1.4181E-6           0.
      4280.0    1.3973E-6           0.
      4290.0    1.3834E-6           0.
      4300.0    1.3596E-6           0.
      4310.0    1.3616E-6           0.
      4320.0    1.3656E-6           0.
      4330.0    1.3120E-6           0.
      4340.0    1.2783E-6           0.
      4350.0    1.2991E-6           0.
      4360.0    1.3318E-6           0.
      4370.0    1.3715E-6           0.
      4380.0    1.4211E-6           0.
      4390.0    1.4578E-6           0.
      4400.0    1.4846E-6           0.
      4410.0    1.4737E-6           0.
      4420.0    1.4300E-6           0.
      4430.0    1.4251E-6           0.
      4440.0    1.4370E-6           0.
      4450.0    1.3794E-6           0.
      4460.0    1.3140E-6           0.
      4470.0    1.3378E-6           0.
      4480.0    1.3864E-6           0.
      4490.0    1.3874E-6           0.
      4500.0    1.3755E-6           0.
      4510.0    1.3804E-6           0.
      4520.0    1.3834E-6           0.
      4530.0    1.3745E-6           0.
      4540.0    1.3775E-6           0.
      4550.0    1.3943E-6           0.
      4560.0    1.3973E-6           0.
      4570.0    1.3943E-6           0.
      4580.0    1.3804E-6           0.
      4590.0    1.3666E-6           0.
      4600.0    1.3775E-6           0.
      4610.0    1.3904E-6           0.
      4620.0    1.4042E-6           0.
      4630.0    1.4161E-6           0.
      4640.0    1.3943E-6           0.
      4650.0    1.3963E-6           0.
      4660.0    1.4032E-6           0.
      4670.0    1.4082E-6           0.
      4680.0    1.4032E-6           0.
      4690.0    1.4032E-6           0.
      4700.0    1.4072E-6           0.
      4710.0    1.3963E-6           0.
      4720.0    1.3745E-6           0.
      4730.0    1.3834E-6           0.
      4740.0    1.4023E-6           0.
      4750.0    1.3854E-6           0.
      4760.0    1.3725E-6           0.
      4770.0    1.3556E-6           0.
      4780.0    1.3328E-6           0.
      4790.0    1.3269E-6           0.
      4800.0    1.3358E-6           0.
      4810.0    1.3537E-6           0.
      4820.0    1.3656E-6           0.
      4830.0    1.3487E-6           0.
      4840.0    1.3080E-6           0.
      4850.0    1.2942E-6           0.
      4860.0    1.3031E-6           0.
      4870.0    1.3011E-6           0.
      4880.0    1.2902E-6           0.
      4890.0    1.2783E-6           0.
      4900.0    1.2664E-6           0.
      4910.0    1.2714E-6           0.
      4920.0    1.2733E-6           0.
      4930.0    1.2743E-6           0.
      4940.0    1.2664E-6           0.
      4950.0    1.2555E-6           0.
      4960.0    1.2684E-6           0.
      4970.0    1.2823E-6           0.
      4980.0    1.2684E-6           0.
      4990.0    1.2773E-6           0.
      5000.0    1.2842E-6           0.
      5010.0    1.2823E-6           0.
      5020.0    1.3120E-6           0.
      5030.0    1.3120E-6           0.
      5040.0    1.2942E-6           0.
      5050.0    1.2922E-6           0.
      5060.0    1.2823E-6           0.
      5070.0    1.2753E-6           0.
      5080.0    1.2783E-6           0.
      5090.0    1.2882E-6           0.
      5100.0    1.2842E-6           0.
      5110.0    1.2694E-6           0.
      5120.0    1.2733E-6           0.
      5130.0    1.2842E-6           0.
      5140.0    1.2813E-6           0.
      5150.0    1.2763E-6           0.
      5160.0    1.2783E-6           0.
      5170.0    1.2922E-6           0.
      5180.0    1.2961E-6           0.
      5190.0    1.2813E-6           0.
      5200.0    1.2833E-6           0.
      5210.0    1.2912E-6           0.
      5220.0    1.3001E-6           0.
      5230.0    1.3041E-6           0.
      5240.0    1.2952E-6           0.
      5250.0    1.2902E-6           0.
      5260.0    1.2942E-6           0.
      5270.0    1.3100E-6           0.
      5280.0    1.3051E-6           0.
      5290.0    1.2852E-6           0.
      5300.0    1.2684E-6           0.
      5310.0    1.2664E-6           0.
      5320.0    1.2743E-6           0.
      5330.0    1.2912E-6           0.
      5340.0    1.3031E-6           0.
      5350.0    1.3090E-6           0.
      5360.0    1.2892E-6           0.
      5370.0    1.2614E-6           0.
      5380.0    1.2634E-6           0.
      5390.0    1.2793E-6           0.
      5400.0    1.3001E-6           0.
      5410.0    1.3071E-6           0.
      5420.0    1.3080E-6           0.
      5430.0    1.3160E-6           0.
      5440.0    1.3140E-6           0.
      5450.0    1.3160E-6           0.
      5460.0    1.3061E-6           0.
      5470.0    1.2842E-6           0.
      5480.0    1.2902E-6           0.
      5490.0    1.2952E-6           0.
      5500.0    1.2952E-6           0.
      5510.0    1.2852E-6           0.
      5520.0    1.2743E-6           0.
      5530.0    1.2803E-6           0.
      5540.0    1.2773E-6           0.
      5550.0    1.2783E-6           0.
      5560.0    1.2961E-6           0.
      5570.0    1.3071E-6           0.
      5580.0    1.3071E-6           0.
      5590.0    1.3061E-6           0.
      5600.0    1.3001E-6           0.
      5610.0    1.3041E-6           0.
      5620.0    1.2981E-6           0.
      5630.0    1.2753E-6           0.
      5640.0    1.2704E-6           0.
      5650.0    1.2585E-6           0.
      5660.0    1.2803E-6           0.
      5670.0    1.3943E-6           0.
      5680.0    1.5391E-6           0.
      5690.0    1.5084E-6           0.
      5700.0    1.3150E-6           0.
      5710.0    1.3229E-6           0.
      5720.0    1.3110E-6           0.
      5730.0    1.2833E-6           0.
      5740.0    1.2892E-6           0.
      5750.0    1.3031E-6           0.
      5760.0    1.3090E-6           0.
      5770.0    1.3041E-6           0.
      5780.0    1.3011E-6           0.
      5790.0    1.3041E-6           0.
      5800.0    1.2862E-6           0.
      5810.0    1.2833E-6           0.
      5820.0    1.2902E-6           0.
      5830.0    1.2773E-6           0.
      5840.0    1.2753E-6           0.
      5850.0    1.2862E-6           0.
      5860.0    1.2902E-6           0.
      5870.0    1.2833E-6           0.
      5880.0    1.2783E-6           0.
      5890.0    1.2872E-6           0.
      5900.0    1.2704E-6           0.
      5910.0    1.2634E-6           0.
      5920.0    1.2704E-6           0.
      5930.0    1.2664E-6           0.
      5940.0    1.2753E-6           0.
      5950.0    1.2942E-6           0.
      5960.0    1.3041E-6           0.
      5970.0    1.2922E-6           0.
      5980.0    1.2823E-6           0.
      5990.0    1.2862E-6           0.
      6000.0    1.2733E-6           0.
      6010.0    1.2664E-6           0.
      6020.0    1.2604E-6           0.
      6030.0    1.2614E-6           0.
      6040.0    1.2585E-6           0.
      6050.0    1.2485E-6           0.
      6060.0    1.2495E-6           0.
      6070.0    1.2505E-6           0.
      6080.0    1.2545E-6           0.
      6090.0    1.2535E-6           0.
      6100.0    1.2604E-6           0.
      6110.0    1.2604E-6           0.
      6120.0    1.2535E-6           0.
      6130.0    1.2595E-6           0.
      6140.0    1.2604E-6           0.
      6150.0    1.2565E-6           0.
      6160.0    1.2664E-6           0.
      6170.0    1.2654E-6           0.
      6180.0    1.2813E-6           0.
      6190.0    1.2654E-6           0.
      6200.0    1.2208E-6           0.
      6210.0    1.2357E-6           0.
      6220.0    1.2624E-6           0.
      6230.0    1.2585E-6           0.
      6240.0    1.2416E-6           0.
      6250.0    1.2386E-6           0.
      6260.0    1.2406E-6           0.
      6270.0    1.2446E-6           0.
      6280.0    1.2684E-6           0.
      6290.0    1.2783E-6           0.
      6300.0    1.2723E-6           0.
      6310.0    1.2704E-6           0.
      6320.0    1.2694E-6           0.
      6330.0    1.2585E-6           0.
      6340.0    1.2446E-6           0.
      6350.0    1.2565E-6           0.
      6360.0    1.3031E-6           0.
      6370.0    1.3180E-6           0.
      6380.0    1.3031E-6           0.
      6390.0    1.2952E-6           0.
      6400.0    1.2813E-6           0.
      6410.0    1.3011E-6           0.
      6420.0    1.3279E-6           0.
      6430.0    1.3001E-6           0.
      6440.0    1.2813E-6           0.
      6450.0    1.2823E-6           0.
      6460.0    1.2842E-6           0.
      6470.0    1.2823E-6           0.
      6480.0    1.2555E-6           0.
      6490.0    1.2228E-6           0.
      6500.0    1.2228E-6           0.
      6510.0    1.2198E-6           0.
      6520.0    1.2228E-6           0.
      6530.0    1.2604E-6           0.
      6540.0    1.2644E-6           0.
      6550.0    1.2575E-6           0.
      6560.0    1.2664E-6           0.
      6570.0    1.2575E-6           0.
      6580.0    1.2327E-6           0.
      6590.0    1.2426E-6           0.
      6600.0    1.2585E-6           0.
      6610.0    1.2376E-6           0.
      6620.0    1.2198E-6           0.
      6630.0    1.2247E-6           0.
      6640.0    1.2128E-6           0.
      6650.0    1.1980E-6           0.
      6660.0    1.1930E-6           0.
      6670.0    1.1702E-6           0.
      6680.0    1.1315E-6           0.
      6690.0    1.1375E-6           0.
      6700.0    1.1504E-6           0.
      6710.0    1.1385E-6           0.
      6720.0    1.1315E-6           0.
      6730.0    1.1315E-6           0.
      6740.0    1.1464E-6           0.
      6750.0    1.1533E-6           0.
      6760.0    1.1365E-6           0.
      6770.0    1.1315E-6           0.
      6780.0    1.1276E-6           0.
      6790.0    1.1226E-6           0.
      6800.0    1.1315E-6           0.
      6810.0    1.1454E-6           0.
      6820.0    1.1613E-6           0.
      6830.0    1.1652E-6           0.
      6840.0    1.1523E-6           0.
      6850.0    1.1633E-6           0.
      6860.0    1.1881E-6           0.
      6870.0    1.1920E-6           0.
      6880.0    1.1791E-6           0.
      6890.0    1.1593E-6           0.
      6900.0    1.1652E-6           0.
      6910.0    1.1692E-6           0.
      6920.0    1.1672E-6           0.
      6930.0    1.1970E-6           0.
      6940.0    1.2228E-6           0.
      6950.0    1.2337E-6           0.
      6960.0    1.2148E-6           0.
      6970.0    1.1881E-6           0.
      6980.0    1.2069E-6           0.
      6990.0    1.2257E-6           0.
      7000.0    1.2148E-6           0.
      7010.0    1.2148E-6           0.
      7020.0    1.2366E-6           0.
      7030.0    1.2485E-6           0.
      7040.0    1.2406E-6           0.
      7050.0    1.2277E-6           0.
      7060.0    1.2208E-6           0.
      7070.0    1.2545E-6           0.
      7080.0    1.2753E-6           0.
      7090.0    1.2763E-6           0.
      7100.0    1.2912E-6           0.
      7110.0    1.2902E-6           0.
      7120.0    1.3180E-6           0.
      7130.0    1.3428E-6           0.
      7140.0    1.3279E-6           0.
      7150.0    1.3219E-6           0.
      7160.0    1.3368E-6           0.
      7170.0    1.3586E-6           0.
      7180.0    1.3556E-6           0.
      7190.0    1.3457E-6           0.
      7200.0    1.3368E-6           0.
      7210.0    1.3110E-6           0.
      7220.0    1.2971E-6           0.
      7230.0    1.2932E-6           0.
      7240.0    1.2932E-6           0.
      7250.0    1.3031E-6           0.
      7260.0    1.2862E-6           0.
      7270.0    1.2495E-6           0.
      7280.0    1.2456E-6           0.
      7290.0    1.2525E-6           0.
      7300.0    1.2565E-6           0.
      7310.0    1.2446E-6           0.
      7320.0    1.2426E-6           0.
      7330.0    1.2416E-6           0.
      7340.0    1.2396E-6           0.
      7350.0    1.2287E-6           0.
      7360.0    1.2287E-6           0.
      7370.0    1.2565E-6           0.
      7380.0    1.2515E-6           0.
      7390.0    1.2228E-6           0.
      7400.0    1.2049E-6           0.
      7410.0    1.2198E-6           0.
      7420.0    1.2614E-6           0.
      7430.0    1.2714E-6           0.
      7440.0    1.2604E-6           0.
      7450.0    1.2485E-6           0.
      7460.0    1.2466E-6           0.
      7470.0    1.2595E-6           0.
      7480.0    1.2585E-6           0.
      7490.0    1.2654E-6           0.
      7500.0    1.2922E-6           0.
      7510.0    1.3160E-6           0.
      7520.0    1.3120E-6           0.
      7530.0    1.2952E-6           0.
      7540.0    1.2912E-6           0.
      7550.0    1.3170E-6           0.
      7560.0    1.3219E-6           0.
      7570.0    1.3160E-6           0.
      7580.0    1.3437E-6           0.
      7590.0    1.3537E-6           0.
      7600.0    1.3229E-6           0.
      7610.0    1.2852E-6           0.
      7620.0    1.2535E-6           0.
      7630.0    1.2505E-6           0.
      7640.0    1.2902E-6           0.
      7650.0    1.3011E-6           0.
      7660.0    1.2763E-6           0.
      7670.0    1.2664E-6           0.
      7680.0    1.2406E-6           0.
      7690.0    1.2307E-6           0.
      7700.0    1.2297E-6           0.
      7710.0    1.2119E-6           0.
      7720.0    1.2208E-6           0.
      7730.0    1.2396E-6           0.
      7740.0    1.2426E-6           0.
      7750.0    1.2337E-6           0.
      7760.0    1.2208E-6           0.
      7770.0    1.2128E-6           0.
      7780.0    1.2009E-6           0.
      7790.0    1.2188E-6           0.
      7800.0    1.2357E-6           0.
      7810.0    1.1970E-6           0.
      7820.0    1.1781E-6           0.
      7830.0    1.1940E-6           0.
      7840.0    1.2000E-6           0.
      7850.0    1.2128E-6           0.
      7860.0    1.2297E-6           0.
      7870.0    1.2704E-6           0.
      7880.0    1.3011E-6           0.
      7890.0    1.2753E-6           0.
      7900.0    1.2654E-6           0.
      7910.0    1.2714E-6           0.
      7920.0    1.2813E-6           0.
      7930.0    1.2892E-6           0.
      7940.0    1.2833E-6           0.
      7950.0    1.2942E-6           0.
      7960.0    1.3358E-6           0.
      7970.0    1.4300E-6           0.
      7980.0    1.5738E-6           0.
      7990.0    1.6135E-6           0.
      8000.0    2.8511E-6           0.
      8010.0    5.6517E-6           0.
      8020.0    4.1403E-6           0.
      8030.0    3.2766E-6           0.
      8040.0    5.9502E-6           0.
      8050.0    1.0324E-5           0.
      8060.0    1.2059E-5           0.
      8070.0    1.0472E-5           0.
      8080.0    7.9891E-6           0.
      8090.0    3.1903E-6           0.
      8100.0    2.6280E-6           0.
      8110.0    2.4039E-6           0.
      8120.0    2.3662E-6           0.
      8130.0    3.6227E-6           0.
      8140.0    2.5764E-6           0.
      8150.0    2.0637E-6           0.
      8160.0    1.3606E-6           0.
      8170.0    6.6235E-7           0.
      8180.0    1.4439E-6           0.
      8190.0    1.3983E-6           0.
      8200.0    1.7563E-6           0.
      8210.0    1.7771E-6           0.
      8220.0    7.2086E-7           0.
      8230.0    1.4786E-6           0.
      8240.0    5.9531E-6           0.
      8250.0    8.9282E-6           0.
      8260.0    1.1226E-5           0.
      8270.0    1.2952E-5           0.
      8280.0    8.4988E-6           0.
      8290.0    5.2004E-6           0.
      8300.0    3.1784E-6           0.
      8310.0    2.9781E-6           0.
      8320.0    2.9096E-6           0.
      8330.0    1.7355E-6           0.
      8340.0    8.0456E-7           0.
      8350.0    1.0066E-6           0.
      8360.0    4.5588E-6           0.
      8370.0    5.2233E-6           0.
      8380.0    3.0405E-6           0.
      8390.0    2.0231E-6           0.
      8400.0    1.5580E-6           0.
      8410.0    2.5258E-6           0.
      8420.0    3.2032E-6           0.
      8430.0    2.4931E-6           0.
      8440.0    1.9130E-6           0.
      8450.0    7.8820E-7           0.
      8460.0    8.6753E-7           0.
      8470.0    3.7000E-6           0.
      8480.0    1.8555E-6           0.
      8490.0    4.3466E-7           0.
      8500.0    3.1457E-7           0.
      8510.0    4.2167E-7           0.
      8520.0    1.4439E-6           0.
      8530.0    5.6765E-6           0.
      8540.0    5.3056E-6           0.
      8550.0    3.7387E-6           0.
      8560.0    4.7304E-6           0.
      8570.0    6.6582E-6           0.
      8580.0    7.5091E-6           0.
      8590.0    5.1479E-6           0.
      8600.0    4.0848E-6           0.
      8610.0    7.0014E-6           0.
      8620.0    6.3340E-6           0.
      8630.0    6.0672E-6           0.
      8640.0    5.8936E-6           0.
      8650.0    5.5535E-6           0.
      8660.0    3.6088E-6           0.
      8670.0    9.5827E-7           0.
      8680.0    4.2127E-7           0.
      8690.0    1.4270E-6           0.
      8700.0    4.1810E-6           0.
      8710.0    4.8355E-6           0.
      8720.0    3.8537E-6           0.
      8730.0    8.4542E-7           0.
      8740.0    6.1852E-7           0.
      8750.0    2.9910E-6           0.
      8760.0    5.6001E-6           0.
      8770.0    2.5883E-6           0.
      8780.0    1.3953E-6           0.
      8790.0    2.8303E-6           0.
      8800.0    3.5870E-6           0.
      8810.0    3.0891E-6           0.
      8820.0    3.3589E-6           0.
      8830.0    4.2831E-6           0.
      8840.0    6.6106E-6           0.
      8850.0    7.0837E-6           0.
      8860.0    3.6008E-6           0.
      8870.0    1.7057E-6           0.
      8880.0    2.5189E-6           0.
      8890.0    5.0785E-6           0.
      8900.0    3.9727E-6           0.
      8910.0    9.1196E-7           0.
      8920.0    6.0404E-7           0.
      8930.0    2.1698E-6           0.
      8940.0    6.1624E-6           0.
      8950.0    7.4506E-6           0.
      8960.0    5.5495E-6           0.
      8970.0    2.6806E-6           0.
      8980.0    1.8416E-6           0.
      8990.0    2.9652E-6           0.
      9000.0    2.4148E-6           0.
      9010.0    2.7034E-6           0.
      9020.0    3.0366E-6           0.
      9030.0    1.2079E-6           0.
      9040.0    5.3462E-7           0.
      9050.0    8.1220E-7           0.
      9060.0    1.6700E-6           0.
      9070.0    1.8416E-6           0.
      9080.0    1.7860E-6           0.
      9090.0    1.2793E-6           0.
      9100.0    2.1272E-6           0.
      9110.0    3.5889E-6           0.
      9120.0    3.5770E-6           0.
      9130.0    1.3804E-6           0.
      9140.0    5.2828E-7           0.
      9150.0    1.2039E-6           0.
      9160.0    3.6385E-6           0.
      9170.0    2.6865E-6           0.
      9180.0    1.5986E-6           0.
      9190.0    1.1990E-6           0.
      9200.0    5.8351E-7           0.
      9210.0    1.4955E-6           0.
      9220.0    4.9188E-6           0.
      9230.0    3.5661E-6           0.
      9240.0    1.7444E-6           0.
      9250.0    1.1464E-6           0.
      9260.0    1.2614E-6           0.
      9270.0    1.6204E-6           0.
      9280.0    8.6466E-7           0.
      9290.0    1.4399E-6           0.
      9300.0    2.2115E-6           0.
      9310.0    2.4604E-6           0.
      9320.0    3.9380E-6           0.
      9330.0    2.9870E-6           0.
      9340.0    2.1411E-6           0.
      9350.0    2.5417E-6           0.
      9360.0    2.7014E-6           0.
      9370.0    3.9142E-6           0.
      9380.0    1.5252E-6           0.
      9390.0    1.2674E-6           0.
      9400.0    1.9487E-6           0.
      9410.0    1.9725E-6           0.
      9420.0    4.0630E-6           0.
      9430.0    4.0114E-6           0.
      9440.0    1.3358E-6           0.
      9450.0    1.1494E-6           0.
      9460.0    3.8676E-6           0.
      9470.0    6.3310E-6           0.
      9480.0    2.2373E-6           0.
      9490.0    5.3710E-7           0.
      9500.0    1.3695E-6           0.
      9510.0    3.7268E-6           0.
      9520.0    5.4484E-6           0.
      9530.0    6.8893E-6           0.
      9540.0    5.5228E-6           0.
      9550.0    3.9291E-6           0.
      9560.0    1.3874E-6           0.
      9570.0    1.1186E-6           0.
      9580.0    9.5560E-7           0.
      9590.0    8.1468E-7           0.
      9600.0    9.7107E-7           0.
      9610.0    5.8877E-7           0.
      9620.0    8.3223E-7           0.
      9630.0    1.2932E-6           0.
      9640.0    2.6806E-6           0.
      9650.0    5.2768E-6           0.
      9660.0    4.9644E-6           0.
      9670.0    2.0766E-6           0.
      9680.0    5.8659E-7           0.
      9690.0    5.4890E-7           0.
      9700.0    1.4766E-6           0.
      9710.0    2.3652E-6           0.
      9720.0    1.1256E-6           0.
      9730.0    1.0056E-6           0.
      9740.0    1.1990E-6           0.
      9750.0    6.3825E-7           0.
      9760.0    7.5974E-7           0.
      9770.0    3.6286E-6           0.
      9780.0    3.8587E-6           0.
      9790.0    1.1771E-6           0.
      9800.0    1.6313E-6           0.
      9810.0    1.4231E-6           0.
      9820.0    9.5599E-7           0.
      9830.0    1.2803E-6           0.
      9840.0    1.2733E-6           0.
      9850.0    8.3074E-7           0.
      9860.0    1.0314E-6           0.
      9870.0    1.2198E-6           0.
      9880.0    1.4449E-6           0.
      9890.0    3.2865E-6           0.
      9900.0    1.5361E-6           0.
      9910.0    4.6054E-7           0.
      9920.0    9.5272E-7           0.
      9930.0    2.2145E-6           0.
      9940.0    1.7335E-6           0.
      9950.0    7.3544E-7           0.
      9960.0    7.0559E-7           0.
      9970.0    6.1783E-7           0.
      9980.0    6.0642E-7           0.
      9990.0    1.3814E-6           0.
     10000.0    2.4108E-6           0.
     10010.0    1.1266E-6           0.
     10020.0    3.2696E-7           0.
     10030.0    3.2280E-7           0.
     10040.0    1.1236E-6           0.
     10050.0    4.2663E-6           0.
     10060.0    2.6736E-6           0.
     10070.0    5.3571E-7           0.
     10080.0    3.1357E-7           0.
     10090.0    3.3321E-7           0.
     10100.0    1.0135E-6           0.
     10110.0    1.0601E-6           0.
     10120.0    4.5945E-7           0.
     10130.0    1.4042E-6           0.
     10140.0    3.6951E-6           0.
     10150.0    2.9691E-6           0.
     10160.0    1.7989E-6           0.
     10170.0    1.8267E-6           0.
     10180.0    3.5344E-6           0.
     10190.0    3.6752E-6           0.
     10200.0    1.6978E-6           0.
     10210.0    7.1005E-7           0.
     10220.0    1.2664E-6           0.
     10230.0    2.6488E-6           0.
     10240.0    4.4507E-6           0.
     10250.0    6.4202E-6           0.
     10260.0    3.9975E-6           0.
     10270.0    1.3259E-6           0.
     10280.0    9.3725E-7           0.
     10290.0    1.5431E-6           0.
     10300.0    2.1183E-6           0.
     10310.0    4.0580E-6           0.
     10320.0    1.8465E-6           0.
     10330.0    5.9482E-7           0.
     10340.0    4.9932E-7           0.
     10350.0    1.5689E-6           0.
     10360.0    4.1641E-6           0.
     10370.0    2.8710E-6           0.
     10380.0    1.0244E-6           0.
     10390.0    4.8137E-7           0.
     10400.0    6.5432E-7           0.
     10410.0    8.7934E-7           0.
     10420.0    1.0532E-6           0.
     10430.0    2.4981E-6           0.
     10440.0    1.3428E-6           0.
     10450.0    8.0793E-7           0.
     10460.0    1.1543E-6           0.
     10470.0    5.9710E-7           0.
     10480.0    9.4489E-7           0.
     10490.0    2.9771E-6           0.
     10500.0    5.5704E-6           0.
     10510.0    6.2199E-6           0.
     10520.0    4.7086E-6           0.
     10530.0    2.2868E-6           0.
     10540.0    1.1603E-6           0.
     10550.0    2.4475E-6           0.
     10560.0    6.9964E-6           0.
     10570.0    4.6233E-6           0.
     10580.0    1.7712E-6           0.
     10590.0    9.8594E-7           0.
     10600.0    1.2535E-6           0.
     10610.0    1.5401E-6           0.
     10620.0    1.5104E-6           0.
     10630.0    3.6514E-6           0.
     10640.0    5.0408E-6           0.
     10650.0    4.3674E-6           0.
     10660.0    5.1281E-6           0.
     10670.0    3.2716E-6           0.
     10680.0    1.3824E-6           0.
     10690.0    4.3059E-7           0.
     10700.0    3.7010E-7           0.
     10710.0    6.0345E-7           0.
     10720.0    1.1107E-6           0.
     10730.0    1.6958E-6           0.
     10740.0    4.0729E-6           0.
     10750.0    3.5443E-6           0.
     10760.0    1.3904E-6           0.
     10770.0    1.3388E-6           0.
     10780.0    1.9764E-6           0.
     10790.0    3.8468E-6           0.
     10800.0    2.7301E-6           0.
     10810.0    1.6323E-6           0.
     10820.0    1.1484E-6           0.
     10830.0    1.5609E-6           0.
     10840.0    2.6964E-6           0.
     10850.0    3.9608E-6           0.
     10860.0    1.9398E-6           0.
     10870.0    9.3170E-7           0.
     10880.0    2.4475E-6           0.
     10890.0    5.8044E-6           0.
     10900.0    7.6172E-6           0.
     10910.0    7.1194E-6           0.
     10920.0    5.1588E-6           0.
     10930.0    5.0973E-6           0.
     10940.0    4.9486E-6           0.
     10950.0    3.8309E-6           0.
     10960.0    3.8646E-6           0.
     10970.0    2.0389E-6           0.
     10980.0    1.1107E-6           0.
     10990.0    2.5586E-6           0.
     11000.0    5.0487E-6           0.
